 6.09609149e-01 7.34810406e-01 0.00000000e+00
 8.06191014e-01 2.58072893e-01 0.00000000e+00
 3.45587855e-01 9.54441438e-01 0.00000000e+00
 8.08548653e-01 9.50923244e-01 0.00000000e+00
 7.91022388e-02 7.86996608e-01 0.00000000e+00
 1.07230045e-01 2.29858131e-02 0.00000000e+00
 7.68230265e-01 4.41620506e-02 0.00000000e+00
 1.51657317e-01 8.68422512e-01 0.00000000e+00
 1.30810714e-01 2.95148175e-01 0.00000000e+00
 4.32892539e-01 4.30929469e-01 0.00000000e+00
 7.95356630e-01 3.94435172e-02 0.00000000e+00
 4.01245231e-01 5.99165064e-01 0.00000000e+00
 8.82687183e-01 4.68763482e-01 0.00000000e+00
 4.40500489e-01 5.90745987e-01 0.00000000e+00
 8.03306294e-01 3.04281072e-01 0.00000000e+00
 4.82203599e-01 9.57791745e-03 0.00000000e+00
 4.88575525e-02 5.67143732e-01 0.00000000e+00
 2.25691018e-01 5.00628022e-01 0.00000000e+00
 5.06780330e-01 1.48278607e-01 0.00000000e+00
 2.07009638e-03 4.76579541e-01 0.00000000e+00
 8.14425369e-01 6.84047831e-01 0.00000000e+00
 6.17098313e-01 9.50711905e-01 0.00000000e+00
 3.79276623e-01 6.86927666e-01 0.00000000e+00
 7.41413373e-02 1.13985385e-01 0.00000000e+00
 2.47392390e-01 1.55681816e-01 0.00000000e+00
 2.31648448e-01 5.41823788e-01 0.00000000e+00
 3.90902995e-01 8.11500089e-01 0.00000000e+00
 6.01617407e-01 9.74656839e-01 0.00000000e+00
 8.16254259e-01 9.06003858e-01 0.00000000e+00
 4.09522381e-01 6.55275470e-01 0.00000000e+00
 9.28059487e-01 3.51722771e-01 0.00000000e+00
 9.72622303e-01 9.84192703e-01 0.00000000e+00
 5.84526072e-01 1.00023190e-02 0.00000000e+00
 2.66578097e-02 6.88953192e-01 0.00000000e+00
 2.75946951e-01 4.43203645e-01 0.00000000e+00
 6.76371025e-01 6.15711562e-01 0.00000000e+00
 5.16308190e-01 4.42122795e-01 0.00000000e+00
 5.75302084e-01 6.23787017e-02 0.00000000e+00
 8.08737912e-01 9.47805304e-01 0.00000000e+00
 5.12302340e-01 1.69909434e-01 0.00000000e+00
 9.04806845e-01 2.05969820e-01 0.00000000e+00
 4.34861494e-01 3.29762866e-01 0.00000000e+00
 2.36204807e-01 4.21483890e-01 0.00000000e+00
 6.00009614e-02 2.25459758e-01 0.00000000e+00
 6.61817322e-01 7.59772561e-01 0.00000000e+00
 2.89935211e-01 4.46443485e-01 0.00000000e+00
 8.50594039e-01 2.25834633e-01 0.00000000e+00
 3.20751752e-01 1.96722970e-01 0.00000000e+00
 3.72038294e-01 8.20131459e-01 0.00000000e+00
 7.26506224e-01 2.12050104e-01 0.00000000e+00
 3.17316830e-01 4.03809059e-01 0.00000000e+00
 9.77635760e-01 8.86385146e-02 0.00000000e+00
 5.56536775e-01 5.63999204e-01 0.00000000e+00
 3.16885700e-01 7.84491699e-01 0.00000000e+00
 3.55166647e-01 4.96407815e-01 0.00000000e+00
 5.02584561e-01 3.05939063e-01 0.00000000e+00
 4.40647074e-01 1.80485983e-01 0.00000000e+00
 1.23882272e-01 2.52908410e-01 0.00000000e+00
 8.45491946e-01 5.78032888e-01 0.00000000e+00
 3.27428529e-01 2.37800920e-01 0.00000000e+00
 7.15329454e-01 7.57101610e-01 0.00000000e+00
 2.49817346e-02 9.68387789e-01 0.00000000e+00
 8.64786084e-01 6.12084827e-01 0.00000000e+00
 7.84084439e-01 9.90752828e-01 0.00000000e+00
 1.16246223e-01 3.57775824e-01 0.00000000e+00
 1.10073530e-01 7.06714850e-01 0.00000000e+00
 6.68483586e-01 5.88751464e-01 0.00000000e+00
 7.46255342e-01 8.73412744e-01 0.00000000e+00
 2.77727106e-01 2.08953361e-01 0.00000000e+00
 9.49821714e-01 2.98379580e-01 0.00000000e+00
 9.36326732e-01 7.81479204e-01 0.00000000e+00
 5.86949568e-01 9.56967256e-02 0.00000000e+00
 2.96499766e-01 1.14761389e-01 0.00000000e+00
 5.12814183e-01 5.01096783e-01 0.00000000e+00
 1.22113078e-01 2.44044295e-01 0.00000000e+00
 4.59284677e-01 3.52630006e-01 0.00000000e+00
 6.14112187e-01 9.05109362e-01 0.00000000e+00
 6.76072641e-01 2.39718899e-01 0.00000000e+00
 3.12042015e-01 1.13518365e-01 0.00000000e+00
 7.00727330e-01 6.99738134e-01 0.00000000e+00
 2.02017831e-01 8.88789837e-01 0.00000000e+00
 2.85958215e-01 1.64952728e-01 0.00000000e+00
 3.30153651e-01 9.12155519e-01 0.00000000e+00
 8.18291754e-02 2.10677157e-01 0.00000000e+00
 6.46132942e-01 6.75659358e-01 0.00000000e+00
 7.31137897e-01 3.02739277e-02 0.00000000e+00
 4.00837336e-01 7.00094408e-01 0.00000000e+00
 5.60034298e-01 2.49931653e-01 0.00000000e+00
 3.85320179e-01 1.99644039e-01 0.00000000e+00
 3.77753812e-02 9.48678899e-01 0.00000000e+00
 4.82069867e-01 6.16925861e-01 0.00000000e+00
 4.56205118e-01 4.50727453e-03 0.00000000e+00
 3.11394264e-01 9.49243634e-01 0.00000000e+00
 5.49390909e-01 5.67877849e-01 0.00000000e+00
 9.59165460e-01 4.24683690e-01 0.00000000e+00
 7.91943151e-01 5.69895180e-01 0.00000000e+00
 4.19036894e-01 6.64043801e-01 0.00000000e+00
 6.29962757e-01 6.07399161e-01 0.00000000e+00
 6.24678399e-01 3.98261789e-01 0.00000000e+00
 8.89717912e-01 3.85744928e-01 0.00000000e+00
 2.49207734e-01 5.51086385e-01 0.00000000e+00
 1.42000548e-01 1.50208576e-01 0.00000000e+00
 2.10319361e-01 3.49111485e-01 0.00000000e+00
 9.06051660e-03 1.25354863e-01 0.00000000e+00
 1.54767310e-01 5.65888383e-01 0.00000000e+00
 8.91921362e-01 2.89719358e-01 0.00000000e+00
 2.13739650e-01 4.92196132e-01 0.00000000e+00
 8.15408272e-01 7.99465456e-01 0.00000000e+00
 9.22414264e-01 6.30573864e-01 0.00000000e+00
 5.40878512e-01 9.14112667e-01 0.00000000e+00
 2.57443151e-01 8.05302148e-01 0.00000000e+00
 3.99540111e-01 5.53596760e-01 0.00000000e+00
 3.13699627e-01 3.82923104e-01 0.00000000e+00
 9.78192602e-01 2.91523853e-01 0.00000000e+00
 6.25279678e-01 9.66975222e-01 0.00000000e+00
 9.63276528e-04 8.43950246e-01 0.00000000e+00
 3.17371799e-01 2.54723497e-01 0.00000000e+00
 8.50371659e-01 9.09488635e-01 0.00000000e+00
 7.36504941e-02 4.59654994e-01 0.00000000e+00
 5.48143115e-01 7.40246925e-01 0.00000000e+00
 6.62919701e-01 6.73308389e-01 0.00000000e+00
 9.23223435e-01 3.80681149e-01 0.00000000e+00
 5.79119421e-01 1.63473439e-01 0.00000000e+00
 7.28121353e-01 2.57821393e-01 0.00000000e+00
 1.47231678e-01 2.69571132e-03 0.00000000e+00
 1.82530098e-01 2.82835150e-01 0.00000000e+00
 9.33850767e-02 4.65801528e-04 0.00000000e+00
 3.25109143e-02 8.30525428e-01 0.00000000e+00
 6.36961398e-01 2.55511202e-01 0.00000000e+00
 3.93747361e-01 1.37950956e-01 0.00000000e+00
 4.73925802e-01 6.43814983e-01 0.00000000e+00
 1.24220045e-01 1.15128302e-02 0.00000000e+00
 1.47367871e-01 5.63086603e-01 0.00000000e+00
 6.40323032e-01 7.60510268e-01 0.00000000e+00
 1.52536574e-01 7.79383633e-01 0.00000000e+00
 2.18364322e-01 1.34553545e-01 0.00000000e+00
 9.68888054e-02 9.42257817e-01 0.00000000e+00
 5.01178265e-01 3.83109685e-01 0.00000000e+00
 2.36871641e-01 4.42163497e-01 0.00000000e+00
 3.29407011e-01 2.04739060e-01 0.00000000e+00
 4.96199429e-01 6.91357174e-01 0.00000000e+00
 1.41461159e-01 2.89818364e-01 0.00000000e+00
 2.17391670e-01 3.86909206e-01 0.00000000e+00
 1.31679096e-01 5.89437315e-02 0.00000000e+00
 7.05297162e-01 9.96035812e-01 0.00000000e+00
 9.64219884e-01 8.23508454e-01 0.00000000e+00
 6.13230458e-01 1.56082526e-01 0.00000000e+00
 6.88607465e-01 3.37769186e-01 0.00000000e+00
 4.56332967e-01 8.54498901e-01 0.00000000e+00
 9.21303229e-01 9.62625282e-01 0.00000000e+00
 4.15640800e-01 4.81101716e-01 0.00000000e+00
 5.01206934e-01 6.24170441e-01 0.00000000e+00
 6.44390846e-02 1.81752038e-01 0.00000000e+00
 2.36685318e-01 9.35336358e-01 0.00000000e+00
 5.07524470e-01 5.81837279e-01 0.00000000e+00
 4.14414362e-01 7.00556990e-01 0.00000000e+00
 3.99058177e-01 2.68629711e-01 0.00000000e+00
 7.46767370e-01 6.98345177e-01 0.00000000e+00
 1.93517772e-01 1.71847368e-01 0.00000000e+00
 3.14319175e-01 2.80211151e-01 0.00000000e+00
 7.74606340e-01 4.58347949e-01 0.00000000e+00
 1.81009861e-01 6.79889915e-01 0.00000000e+00
 1.13817378e-01 4.05692132e-02 0.00000000e+00
 1.53743485e-01 4.74487142e-01 0.00000000e+00
 1.67582433e-01 3.86740924e-01 0.00000000e+00
 5.24438210e-01 1.06670745e-01 0.00000000e+00
 4.83273689e-01 3.96954076e-02 0.00000000e+00
 3.76472139e-02 7.05267022e-02 0.00000000e+00
 8.10838869e-01 3.70790122e-02 0.00000000e+00
 8.77402268e-02 3.00819812e-01 0.00000000e+00
 2.76686910e-01 9.23082433e-01 0.00000000e+00
 5.59436711e-02 5.50237514e-01 0.00000000e+00
 8.22970609e-01 7.31161608e-01 0.00000000e+00
 1.35528783e-01 7.62200462e-01 0.00000000e+00
 4.83248001e-01 2.13482968e-01 0.00000000e+00
 4.76827137e-01 5.81772084e-02 0.00000000e+00
 1.55472883e-01 6.64422896e-01 0.00000000e+00
 5.34152569e-01 1.82407581e-01 0.00000000e+00
 5.98788967e-01 8.58505236e-01 0.00000000e+00
 2.56577901e-02 2.17285858e-01 0.00000000e+00
 6.90689183e-01 7.78969522e-01 0.00000000e+00
 7.82557302e-01 7.08085385e-01 0.00000000e+00
 6.21237867e-01 2.07399153e-01 0.00000000e+00
 3.46861829e-01 2.57865480e-01 0.00000000e+00
 1.24369915e-01 3.73898547e-01 0.00000000e+00
 9.83094241e-02 8.38849524e-01 0.00000000e+00
 6.11439919e-02 3.61547810e-01 0.00000000e+00
 7.72722113e-01 4.50242462e-01 0.00000000e+00
 9.33360831e-01 3.60635420e-01 0.00000000e+00
 3.54738337e-01 2.24321218e-01 0.00000000e+00
 2.55355192e-01 2.02593777e-01 0.00000000e+00
 3.41096645e-01 7.53116666e-01 0.00000000e+00
 3.55839836e-01 6.42776998e-01 0.00000000e+00
 7.56523735e-01 4.86602935e-01 0.00000000e+00
 5.77771046e-01 7.39886688e-02 0.00000000e+00
 8.32599360e-01 8.34069647e-01 0.00000000e+00
 8.54657262e-01 1.16130897e-01 0.00000000e+00
 7.32896986e-01 4.55042378e-01 0.00000000e+00
 1.98803087e-01 2.71157639e-01 0.00000000e+00
 3.84356874e-01 1.56397924e-01 0.00000000e+00
 0.00000000e+00 9.62908863e-01 8.97155140e-01
 0.00000000e+00 3.11902333e-01 7.97682273e-01
 0.00000000e+00 9.11434288e-01 1.53841504e-01
 0.00000000e+00 7.19998696e-01 6.05929697e-02
 0.00000000e+00 5.65037315e-01 2.59219412e-01
 0.00000000e+00 3.04294428e-01 9.70096689e-01
 0.00000000e+00 7.79648344e-02 6.36712668e-01
 0.00000000e+00 4.10100698e-01 3.85136005e-01
 0.00000000e+00 3.34965991e-01 2.59235931e-01
 0.00000000e+00 6.81007287e-01 8.28887239e-01
 0.00000000e+00 7.32868827e-01 6.21883126e-01
 0.00000000e+00 8.26493618e-01 6.34624142e-01
 0.00000000e+00 3.14849395e-01 4.61745892e-01
 0.00000000e+00 8.14533389e-01 4.22491863e-01
 0.00000000e+00 6.31483869e-01 2.93180320e-01
 0.00000000e+00 4.52207610e-01 9.79538887e-01
 0.00000000e+00 2.87404721e-01 3.79662316e-01
 0.00000000e+00 8.10910380e-01 7.74928639e-01
 0.00000000e+00 4.57878847e-01 6.82061494e-01
 0.00000000e+00 6.17847567e-01 4.44692344e-01
 0.00000000e+00 7.04390491e-01 8.37182465e-01
 0.00000000e+00 8.89500332e-01 6.57221632e-01
 0.00000000e+00 6.48515292e-01 2.85621375e-01
 0.00000000e+00 6.08950820e-01 4.54705352e-01
 0.00000000e+00 7.97992280e-01 4.17000005e-01
 0.00000000e+00 5.53471199e-01 5.95136876e-01
 0.00000000e+00 4.41708032e-02 7.98375847e-01
 0.00000000e+00 8.53369285e-01 1.28540540e-01
 0.00000000e+00 1.29878134e-01 9.66867512e-01
 0.00000000e+00 5.23635197e-01 2.89658935e-02
 0.00000000e+00 7.22432731e-01 5.48320814e-02
 0.00000000e+00 2.48215189e-01 7.48591001e-01
 0.00000000e+00 4.62530481e-01 5.34626553e-01
 0.00000000e+00 6.58957322e-01 4.70457049e-01
 0.00000000e+00 5.52908541e-01 7.35378184e-01
 0.00000000e+00 1.01315692e-01 1.30712560e-01
 0.00000000e+00 2.99589376e-01 7.65522970e-01
 0.00000000e+00 6.42691848e-01 5.97431758e-01
 0.00000000e+00 2.74410263e-01 7.60943978e-01
 0.00000000e+00 8.11875274e-01 4.81461052e-01
 0.00000000e+00 2.01331994e-01 3.54511430e-01
 0.00000000e+00 2.83814165e-01 3.84000398e-01
 0.00000000e+00 6.45090720e-01 7.16850011e-01
 0.00000000e+00 7.13548290e-01 4.08113210e-01
 0.00000000e+00 7.52659026e-01 7.49810019e-01
 0.00000000e+00 9.67658540e-01 2.00417201e-01
 0.00000000e+00 1.37977744e-01 6.75833601e-01
 0.00000000e+00 3.52009320e-01 8.14063092e-01
 0.00000000e+00 8.79363169e-01 6.60050669e-01
 0.00000000e+00 9.81929097e-01 9.39279369e-01
 0.00000000e+00 9.62138784e-01 7.89261306e-01
 0.00000000e+00 6.15794488e-01 7.40362510e-01
 0.00000000e+00 7.90018036e-01 4.90359774e-01
 0.00000000e+00 9.30798328e-01 1.74595291e-01
 0.00000000e+00 9.28175366e-01 9.45187300e-01
 0.00000000e+00 8.44124251e-01 1.94650644e-01
 0.00000000e+00 1.41705043e-01 6.39857020e-01
 0.00000000e+00 6.23859419e-01 6.38814177e-01
 0.00000000e+00 3.96100982e-01 1.16965185e-01
 0.00000000e+00 4.41235323e-01 6.77032388e-01
 0.00000000e+00 3.82821532e-01 8.21804562e-01
 0.00000000e+00 3.18452231e-01 8.34814238e-01
 0.00000000e+00 2.09082219e-01 1.29722784e-01
 0.00000000e+00 6.04225131e-02 8.68245845e-01
 0.00000000e+00 5.51323683e-01 3.65750268e-01
 0.00000000e+00 6.74214246e-01 6.59046911e-01
 0.00000000e+00 1.94847058e-01 7.93718024e-01
 0.00000000e+00 7.33733062e-01 8.76868115e-01
 0.00000000e+00 8.48540919e-01 5.89830495e-01
 0.00000000e+00 2.50085670e-01 9.04836148e-01
 0.00000000e+00 1.30566385e-01 1.59062504e-01
 0.00000000e+00 7.87957168e-01 5.43355955e-01
 0.00000000e+00 4.73869548e-01 6.26535568e-01
 0.00000000e+00 2.96536303e-01 6.60851405e-01
 0.00000000e+00 9.96496460e-01 8.81826836e-01
 0.00000000e+00 4.40550703e-01 2.01093116e-01
 0.00000000e+00 6.68069766e-01 1.65886920e-01
 0.00000000e+00 9.71793998e-01 6.96841166e-01
 0.00000000e+00 4.12925930e-01 5.44097275e-01
 0.00000000e+00 4.35929811e-01 3.98325652e-01
 0.00000000e+00 3.02493350e-01 5.43697054e-01
 0.00000000e+00 2.22171422e-01 8.56387713e-01
 0.00000000e+00 9.49643220e-01 9.16763326e-01
 0.00000000e+00 9.67876914e-01 5.40239271e-01
 0.00000000e+00 6.83098735e-01 3.42394133e-01
 0.00000000e+00 4.08962903e-01 3.25792534e-01
 0.00000000e+00 9.64761198e-01 1.06615314e-01
 0.00000000e+00 2.16324802e-01 9.34988694e-01
 0.00000000e+00 2.36741738e-01 6.36780004e-01
 0.00000000e+00 7.99005793e-01 7.47260034e-01
 0.00000000e+00 7.98857386e-01 1.52758791e-01
 0.00000000e+00 1.83118854e-01 1.31144665e-01
 0.00000000e+00 8.14569794e-01 5.42647486e-02
 0.00000000e+00 2.18241538e-01 3.87629852e-01
 0.00000000e+00 1.41952780e-01 6.63515119e-01
 0.00000000e+00 7.08040707e-01 2.83474871e-01
 0.00000000e+00 8.65135274e-01 9.20189066e-01
 0.00000000e+00 1.39950167e-02 9.27040302e-01
 0.00000000e+00 7.53810814e-02 5.31244935e-01
 0.00000000e+00 9.86123593e-01 7.66368408e-01
 0.00000000e+00 5.47200539e-01 3.53275545e-01
 0.00000000e+00 2.81436485e-01 9.86782475e-01
 0.00000000e+00 9.80966236e-01 8.33299669e-01
 0.00000000e+00 4.37490781e-01 8.45675241e-02
 0.00000000e+00 8.48967475e-01 4.16041026e-01
 0.00000000e+00 1.53275505e-01 1.10286693e-01
 0.00000000e+00 1.97288792e-01 5.71412698e-01
 0.00000000e+00 9.06421695e-01 1.64212678e-01
 0.00000000e+00 7.25893627e-01 9.53807492e-01
 0.00000000e+00 8.89604259e-01 9.23584006e-01
 0.00000000e+00 5.63179070e-01 9.74408098e-01
 0.00000000e+00 7.01731873e-01 7.97600379e-01
 0.00000000e+00 2.95759481e-01 9.29066910e-01
 0.00000000e+00 1.05499391e-01 2.64767233e-01
 0.00000000e+00 4.48541936e-01 3.12166420e-01
 0.00000000e+00 2.95792694e-01 7.65206768e-01
 0.00000000e+00 1.97894409e-03 2.63174977e-01
 0.00000000e+00 9.04711126e-01 1.05307692e-01
 0.00000000e+00 8.43214174e-01 2.34509906e-01
 0.00000000e+00 6.78837603e-01 9.41347565e-01
 0.00000000e+00 2.01297019e-01 2.41202559e-02
 0.00000000e+00 4.88218161e-01 5.51987273e-01
 0.00000000e+00 4.84902057e-01 6.68103710e-01
 0.00000000e+00 6.69319534e-01 5.42195537e-01
 0.00000000e+00 7.64287375e-01 7.00307669e-01
 0.00000000e+00 8.53280254e-01 7.68316129e-01
 0.00000000e+00 1.95512412e-01 1.85842328e-01
 0.00000000e+00 8.19064743e-01 5.91651725e-01
 0.00000000e+00 6.32679442e-01 5.56994982e-01
 0.00000000e+00 1.01053706e-01 1.98742861e-01
 0.00000000e+00 5.67347652e-01 3.12432046e-01
 0.00000000e+00 1.30046714e-01 2.23819859e-01
 0.00000000e+00 9.75000047e-01 1.07518124e-01
 0.00000000e+00 2.14325587e-01 4.93480300e-01
 0.00000000e+00 3.96274795e-01 8.26211287e-01
 0.00000000e+00 3.27480833e-01 6.84949606e-02
 0.00000000e+00 4.58853380e-01 5.47557529e-03
 0.00000000e+00 5.25976406e-01 2.48270923e-01
 0.00000000e+00 2.61479283e-01 1.03010152e-01
 0.00000000e+00 1.16986414e-01 7.73799395e-02
 0.00000000e+00 1.44142489e-01 9.83352429e-02
 0.00000000e+00 7.03356175e-01 6.88873067e-01
 0.00000000e+00 8.94180168e-01 1.37258477e-01
 0.00000000e+00 8.47843476e-01 9.24438858e-01
 0.00000000e+00 4.58591598e-01 2.91493303e-01
 0.00000000e+00 8.08600110e-01 4.27940414e-01
 0.00000000e+00 9.81258615e-01 1.63526620e-01
 0.00000000e+00 1.85538241e-01 4.59790946e-01
 0.00000000e+00 4.99358981e-01 7.09230862e-01
 0.00000000e+00 4.35820840e-02 1.24727001e-01
 0.00000000e+00 2.95286312e-01 1.66942962e-02
 0.00000000e+00 8.29596325e-01 9.94746234e-01
 0.00000000e+00 8.27578056e-02 9.25528027e-01
 0.00000000e+00 5.17310919e-01 2.03905670e-02
 0.00000000e+00 7.61845298e-01 8.05477418e-01
 0.00000000e+00 7.89786870e-01 5.51080713e-01
 0.00000000e+00 6.02586857e-01 9.86566233e-01
 0.00000000e+00 7.73916916e-01 9.92440221e-01
 0.00000000e+00 4.75870280e-01 3.22187036e-01
 0.00000000e+00 6.36504911e-01 1.63430607e-01
 0.00000000e+00 9.32350862e-02 6.31751964e-01
 0.00000000e+00 3.57990838e-01 4.65438414e-01
 0.00000000e+00 3.05038761e-02 9.20023761e-01
 0.00000000e+00 1.87182762e-01 2.12425655e-01
 0.00000000e+00 8.75803181e-02 2.13709892e-01
 0.00000000e+00 4.90813106e-01 3.87407442e-01
 0.00000000e+00 2.64128463e-01 2.34324993e-02
 0.00000000e+00 5.96331666e-01 1.01575451e-01
 0.00000000e+00 7.12844187e-01 2.48169699e-01
 0.00000000e+00 2.99418681e-01 4.41738362e-03
 0.00000000e+00 3.43523410e-01 4.71399079e-02
 0.00000000e+00 1.84305108e-01 7.85274453e-02
 0.00000000e+00 4.71781616e-02 2.69992571e-02
 0.00000000e+00 3.59339650e-01 1.70596998e-01
 0.00000000e+00 2.28203747e-01 7.82695815e-02
 0.00000000e+00 7.93626966e-01 3.16115416e-01
 0.00000000e+00 4.69375874e-01 8.11370862e-01
 0.00000000e+00 2.34871370e-01 9.16824800e-01
 0.00000000e+00 8.12594092e-01 9.20523662e-01
 0.00000000e+00 7.32843710e-01 3.20181112e-01
 0.00000000e+00 2.71544009e-01 5.96358226e-01
 0.00000000e+00 8.09481136e-01 4.32111246e-02
 0.00000000e+00 2.64079490e-01 6.38084408e-01
 0.00000000e+00 9.80668217e-01 4.51086601e-01
 0.00000000e+00 1.80427716e-02 3.40876024e-01
 0.00000000e+00 8.12663031e-01 7.38667330e-01
 0.00000000e+00 2.72979716e-01 3.08515876e-01
 0.00000000e+00 4.91188780e-01 3.31243640e-01
 0.00000000e+00 7.09280634e-01 3.34364917e-01
 0.00000000e+00 1.39772516e-02 1.33592728e-01
 0.00000000e+00 8.48770082e-01 3.21673558e-01
 0.00000000e+00 5.40780936e-01 7.36622886e-01
 0.00000000e+00 9.99959823e-01 1.16266868e-01
 0.00000000e+00 4.80903344e-01 6.02179454e-01
 0.00000000e+00 7.17791658e-01 6.53765171e-01
 0.00000000e+00 2.94449599e-01 7.40352174e-01
 0.00000000e+00 1.08224947e-02 2.74165371e-01
 0.00000000e+00 2.46544800e-01 2.85101033e-01
 0.00000000e+00 1.31190736e-01 7.39633857e-01
 0.00000000e+00 7.32372867e-01 8.90876305e-01
 1.00000000e+00 3.82468393e-01 3.69513557e-01
 1.00000000e+00 7.13705507e-01 2.68704151e-01
 1.00000000e+00 9.60809214e-01 8.24094717e-01
 1.00000000e+00 8.02706594e-01 5.98406629e-01
 1.00000000e+00 2.76789417e-01 6.66622304e-01
 1.00000000e+00 3.24857638e-01 5.70056038e-01
 1.00000000e+00 8.98636013e-01 3.51660559e-01
 1.00000000e+00 2.63699689e-01 2.61085441e-01
 1.00000000e+00 6.32980414e-01 6.51653066e-01
 1.00000000e+00 9.43726638e-01 3.39352760e-01
 1.00000000e+00 7.23637335e-01 3.73527135e-01
 1.00000000e+00 4.76424362e-02 7.90815514e-01
 1.00000000e+00 5.30218856e-02 3.99879300e-01
 1.00000000e+00 3.52414841e-01 3.27560278e-01
 1.00000000e+00 6.25029395e-01 4.38601483e-01
 1.00000000e+00 4.37798566e-01 8.06527388e-02
 1.00000000e+00 5.49859546e-01 5.51644975e-01
 1.00000000e+00 4.78687046e-01 2.98958699e-01
 1.00000000e+00 8.69050262e-01 5.58511935e-01
 1.00000000e+00 6.35909901e-01 7.63014017e-01
 1.00000000e+00 4.80983327e-01 8.40389533e-01
 1.00000000e+00 7.70901864e-01 1.43508151e-01
 1.00000000e+00 9.64037560e-01 8.96489437e-01
 1.00000000e+00 2.22304484e-01 6.71116963e-01
 1.00000000e+00 1.76739381e-01 7.50158879e-01
 1.00000000e+00 7.19146935e-01 7.47250493e-01
 1.00000000e+00 2.48604961e-01 4.28015203e-01
 1.00000000e+00 4.52304251e-01 1.48120441e-01
 1.00000000e+00 3.83854099e-01 5.23841351e-01
 1.00000000e+00 9.98376739e-01 8.56155227e-01
 1.00000000e+00 1.88023446e-02 1.67061501e-01
 1.00000000e+00 6.97867107e-02 9.23042675e-01
 1.00000000e+00 3.87576352e-01 9.56923472e-01
 1.00000000e+00 2.70336684e-01 7.42825828e-01
 1.00000000e+00 9.99672239e-01 2.10655593e-01
 1.00000000e+00 7.89048087e-01 1.89687708e-01
 1.00000000e+00 2.43722267e-01 6.09898424e-01
 1.00000000e+00 3.08865758e-01 1.44161647e-01
 1.00000000e+00 9.97043914e-02 8.84591743e-01
 1.00000000e+00 6.36159845e-01 7.38157964e-01
 1.00000000e+00 4.61364614e-01 6.23353171e-01
 1.00000000e+00 9.74393179e-01 3.80805294e-01
 1.00000000e+00 9.44070322e-01 6.69618980e-01
 1.00000000e+00 5.15630206e-01 5.04105725e-03
 1.00000000e+00 9.69918863e-01 2.85566916e-01
 1.00000000e+00 6.26992797e-03 1.01755975e-01
 1.00000000e+00 3.22667827e-01 3.54344019e-01
 1.00000000e+00 7.25505734e-01 7.21787683e-01
 1.00000000e+00 4.50895317e-01 9.72669445e-01
 1.00000000e+00 7.90920565e-01 9.53247212e-01
 1.00000000e+00 3.55164756e-01 3.76444467e-01
 1.00000000e+00 2.37588988e-01 5.68239205e-01
 1.00000000e+00 4.53408786e-01 9.72133507e-01
 1.00000000e+00 8.05324083e-01 2.00730632e-01
 1.00000000e+00 2.96513143e-01 7.26466889e-02
 1.00000000e+00 5.68878953e-01 4.25938349e-01
 1.00000000e+00 2.99871136e-01 3.27993685e-01
 1.00000000e+00 3.99482848e-01 2.23730771e-01
 1.00000000e+00 2.47730469e-02 3.05773910e-01
 1.00000000e+00 8.88067676e-01 8.55219326e-01
 1.00000000e+00 6.69673788e-01 3.16152225e-01
 1.00000000e+00 8.98936998e-01 7.46275842e-01
 1.00000000e+00 5.27386470e-01 8.05020622e-01
 1.00000000e+00 9.11911421e-01 8.26881988e-02
 1.00000000e+00 5.30358493e-01 7.94385950e-01
 1.00000000e+00 1.77933291e-01 2.95272935e-01
 1.00000000e+00 4.91690185e-01 7.42608488e-01
 1.00000000e+00 4.28318579e-01 7.80747323e-01
 1.00000000e+00 5.13694517e-02 8.32340241e-01
 1.00000000e+00 7.64033261e-01 3.97230244e-02
 1.00000000e+00 7.26695419e-01 2.58930081e-01
 1.00000000e+00 2.19721923e-01 9.37994459e-01
 1.00000000e+00 1.07085843e-01 1.46187565e-01
 1.00000000e+00 6.13166597e-01 2.08518476e-01
 1.00000000e+00 9.05891194e-01 3.81854693e-01
 1.00000000e+00 1.23893146e-01 1.88481147e-01
 1.00000000e+00 8.07171808e-01 3.49630128e-01
 1.00000000e+00 5.59001301e-01 7.56421458e-01
 1.00000000e+00 8.70654360e-01 5.45237916e-01
 1.00000000e+00 5.87529095e-01 5.62389552e-01
 1.00000000e+00 6.75529172e-02 9.01713010e-01
 1.00000000e+00 4.77650102e-01 7.63748252e-01
 1.00000000e+00 1.77553954e-01 7.74794567e-01
 1.00000000e+00 8.88213655e-01 4.31578028e-01
 1.00000000e+00 4.43778449e-01 1.96388229e-02
 1.00000000e+00 1.53882728e-01 2.87464182e-01
 1.00000000e+00 9.71722968e-01 7.50390404e-01
 1.00000000e+00 1.45067885e-01 2.42378175e-01
 1.00000000e+00 2.12010219e-01 6.70916982e-01
 1.00000000e+00 7.89610571e-01 9.78199460e-02
 1.00000000e+00 8.24988199e-01 2.70345498e-01
 1.00000000e+00 7.59812739e-01 2.75891450e-01
 1.00000000e+00 7.45951668e-01 8.49629833e-01
 1.00000000e+00 3.23291751e-01 3.22068943e-01
 1.00000000e+00 5.64350888e-01 1.68685496e-02
 1.00000000e+00 5.04188379e-01 7.72698119e-02
 1.00000000e+00 8.37927455e-01 9.27750324e-01
 1.00000000e+00 3.98727187e-01 2.28807154e-01
 1.00000000e+00 5.60532888e-01 2.98943249e-01
 1.00000000e+00 2.41906174e-01 1.42772883e-01
 1.00000000e+00 3.94118466e-01 8.66453798e-01
 1.00000000e+00 9.74778039e-01 2.24715806e-01
 1.00000000e+00 2.09969170e-01 3.86691170e-01
 1.00000000e+00 4.54504386e-02 8.48714265e-01
 1.00000000e+00 5.60603430e-01 8.77378495e-01
 1.00000000e+00 8.70421921e-01 5.01043429e-02
 1.00000000e+00 6.85022834e-01 9.79052231e-01
 1.00000000e+00 2.25918921e-01 8.84184198e-01
 1.00000000e+00 3.92812344e-01 1.93362672e-01
 1.00000000e+00 7.25667816e-01 6.85243864e-01
 1.00000000e+00 1.12256428e-01 7.20843930e-01
 1.00000000e+00 2.10328154e-01 9.61037119e-01
 1.00000000e+00 3.80176932e-01 7.03834892e-02
 1.00000000e+00 8.78275193e-01 5.49822974e-01
 1.00000000e+00 8.03973104e-01 8.26167074e-01
 1.00000000e+00 4.11664656e-01 4.66051276e-01
 1.00000000e+00 8.50726053e-01 3.81907091e-01
 1.00000000e+00 3.82999008e-01 4.93439239e-01
 1.00000000e+00 6.06123508e-01 9.33201087e-01
 1.00000000e+00 6.59092123e-01 4.13027145e-01
 1.00000000e+00 1.46256934e-01 7.19163388e-01
 1.00000000e+00 1.46969574e-01 2.21335203e-01
 1.00000000e+00 1.40080329e-02 9.86680214e-01
 1.00000000e+00 3.94589940e-01 6.32530089e-01
 1.00000000e+00 8.31365543e-01 1.36625956e-01
 1.00000000e+00 6.58285414e-01 9.45566989e-01
 1.00000000e+00 6.97963154e-01 5.79820978e-01
 1.00000000e+00 6.16594663e-01 3.79021095e-01
 1.00000000e+00 9.39973430e-02 5.43789665e-01
 1.00000000e+00 3.07535503e-01 1.34174085e-01
 1.00000000e+00 1.22887742e-01 4.87566158e-01
 1.00000000e+00 5.34639269e-01 6.30023172e-01
 1.00000000e+00 1.58285371e-01 1.88873991e-01
 1.00000000e+00 7.59285448e-01 4.60975006e-01
 1.00000000e+00 2.09561478e-02 2.00647566e-01
 1.00000000e+00 7.75313035e-01 5.81192063e-01
 1.00000000e+00 1.86426491e-01 1.59736066e-01
 1.00000000e+00 6.35119378e-01 6.89419221e-01
 1.00000000e+00 2.79765816e-01 5.05843947e-01
 1.00000000e+00 2.49936969e-01 8.12921363e-01
 1.00000000e+00 4.09364040e-01 6.95022310e-01
 1.00000000e+00 9.07995488e-01 4.35499721e-01
 1.00000000e+00 6.83597445e-01 7.31337323e-01
 1.00000000e+00 7.75983815e-01 1.88607765e-01
 1.00000000e+00 5.81876396e-01 1.20724457e-01
 1.00000000e+00 5.23585291e-01 1.60052801e-01
 1.00000000e+00 7.14746185e-01 2.92127486e-01
 1.00000000e+00 5.02028244e-02 9.47024999e-01
 1.00000000e+00 4.85944722e-01 9.18080987e-01
 1.00000000e+00 1.66539621e-01 2.67228896e-01
 1.00000000e+00 7.09237870e-01 2.29291659e-01
 1.00000000e+00 7.35207023e-01 2.34359583e-01
 1.00000000e+00 9.08449659e-01 3.85657548e-01
 1.00000000e+00 3.90034680e-01 6.02414467e-01
 1.00000000e+00 5.18985960e-01 3.08821714e-01
 1.00000000e+00 7.17818844e-01 2.34128639e-01
 1.00000000e+00 4.70487721e-01 2.87729544e-01
 1.00000000e+00 6.47987460e-01 6.23587833e-01
 1.00000000e+00 7.03146680e-01 6.61506156e-01
 1.00000000e+00 3.82848901e-01 4.48521435e-02
 1.00000000e+00 5.65216284e-01 9.50847860e-01
 1.00000000e+00 1.83243931e-01 5.26615944e-01
 1.00000000e+00 6.08976655e-01 2.50891261e-01
 1.00000000e+00 4.07062043e-02 4.02180499e-01
 1.00000000e+00 4.75129426e-01 4.76934029e-01
 1.00000000e+00 1.32715220e-01 3.71911022e-01
 1.00000000e+00 7.61770660e-01 8.64707702e-01
 1.00000000e+00 4.85651307e-01 7.42426715e-02
 1.00000000e+00 3.84534378e-01 3.35465487e-01
 1.00000000e+00 5.08206070e-02 4.50690111e-01
 1.00000000e+00 3.60374204e-01 2.96547100e-01
 1.00000000e+00 1.28988179e-01 4.47831127e-01
 1.00000000e+00 2.06592557e-01 4.10497385e-01
 1.00000000e+00 6.70436886e-01 5.62807268e-01
 1.00000000e+00 7.35387521e-01 8.22440738e-01
 1.00000000e+00 4.05372696e-01 9.78623353e-01
 1.00000000e+00 6.72755803e-01 5.93866469e-01
 1.00000000e+00 8.25796412e-01 1.31436689e-02
 1.00000000e+00 8.86352892e-01 5.82631198e-01
 1.00000000e+00 2.99437723e-01 9.28891331e-02
 1.00000000e+00 4.45063185e-01 2.62962407e-01
 1.00000000e+00 6.76971769e-01 2.91958527e-01
 1.00000000e+00 7.84034873e-01 2.76183975e-01
 1.00000000e+00 6.77662737e-01 3.04958201e-01
 1.00000000e+00 9.16687407e-01 9.62913613e-01
 1.00000000e+00 8.72776177e-01 5.67060777e-01
 1.00000000e+00 7.21398469e-01 8.49252352e-02
 1.00000000e+00 7.08177638e-01 3.01380519e-01
 1.00000000e+00 2.29454861e-01 6.85920857e-01
 1.00000000e+00 7.49617766e-01 8.92353428e-01
 1.00000000e+00 1.37737406e-01 8.42264005e-01
 1.00000000e+00 8.00895772e-01 4.80312069e-01
 1.00000000e+00 2.37553711e-01 1.44447043e-01
 1.00000000e+00 3.03584519e-01 6.94026272e-01
 1.00000000e+00 7.03584837e-01 3.02799248e-01
 1.00000000e+00 8.64646690e-01 8.88024732e-01
 1.00000000e+00 2.88403064e-01 1.92190977e-01
 1.00000000e+00 2.53351431e-01 1.28941754e-01
 1.00000000e+00 8.56488750e-01 1.86306040e-01
 1.00000000e+00 8.41647088e-01 2.89213652e-01
 6.39872543e-01 0.00000000e+00 7.19200168e-02
 4.83049608e-01 0.00000000e+00 4.32224798e-01
 3.03751334e-01 0.00000000e+00 6.74867566e-01
 3.96010196e-01 0.00000000e+00 8.88053525e-02
 7.38688753e-01 0.00000000e+00 5.24225961e-01
 3.13579606e-01 0.00000000e+00 2.25150822e-01
 8.75023312e-01 0.00000000e+00 7.81080793e-01
 1.35782327e-01 0.00000000e+00 1.26447702e-01
 7.25715553e-01 0.00000000e+00 1.12534524e-01
 2.40648116e-01 0.00000000e+00 3.04390774e-01
 6.27707043e-01 0.00000000e+00 9.50902396e-01
 8.52433549e-01 0.00000000e+00 2.03190523e-01
 4.39314512e-01 0.00000000e+00 5.88221336e-01
 5.98326048e-01 0.00000000e+00 8.33829707e-01
 6.72360149e-01 0.00000000e+00 6.89857944e-02
 7.31550979e-01 0.00000000e+00 1.68863265e-01
 5.19763024e-01 0.00000000e+00 7.59201367e-01
 9.27382956e-01 0.00000000e+00 7.20014364e-01
 4.51971619e-01 0.00000000e+00 6.22736660e-01
 7.42010253e-01 0.00000000e+00 1.07079611e-01
 2.41875754e-01 0.00000000e+00 6.47047833e-01
 7.87382965e-02 0.00000000e+00 8.96661007e-01
 8.46811238e-01 0.00000000e+00 1.58973039e-01
 2.75370886e-01 0.00000000e+00 2.36274144e-01
 4.07342887e-01 0.00000000e+00 9.49485215e-01
 9.00585534e-01 0.00000000e+00 7.08478352e-01
 7.84800086e-01 0.00000000e+00 2.53882186e-01
 2.81669400e-01 0.00000000e+00 7.59450240e-01
 2.85172338e-01 0.00000000e+00 6.26810570e-01
 4.95562689e-03 0.00000000e+00 4.39665603e-03
 9.01278008e-01 0.00000000e+00 4.41133225e-01
 9.22086499e-01 0.00000000e+00 5.50371708e-01
 4.71953800e-01 0.00000000e+00 5.09113266e-01
 8.12929514e-01 0.00000000e+00 4.78084144e-01
 1.50143555e-01 0.00000000e+00 7.57965594e-01
 8.98492477e-01 0.00000000e+00 5.57743773e-01
 1.62373593e-01 0.00000000e+00 3.21921970e-01
 2.82040872e-01 0.00000000e+00 6.56528657e-01
 2.06433382e-01 0.00000000e+00 2.53689830e-01
 8.78600647e-01 0.00000000e+00 4.07677867e-02
 9.09887554e-01 0.00000000e+00 2.75449390e-01
 7.07991236e-01 0.00000000e+00 4.44029629e-01
 9.35205320e-01 0.00000000e+00 8.16644098e-01
 7.89886194e-01 0.00000000e+00 6.73046367e-01
 2.49934920e-01 0.00000000e+00 2.64128222e-01
 7.42137577e-01 0.00000000e+00 9.19415037e-01
 5.80163515e-01 0.00000000e+00 4.80060061e-01
 7.77762079e-01 0.00000000e+00 8.66977828e-01
 6.18342980e-01 0.00000000e+00 5.78065242e-01
 7.93858027e-01 0.00000000e+00 5.02555459e-01
 8.79628535e-01 0.00000000e+00 4.32063369e-01
 1.69097478e-01 0.00000000e+00 1.06426408e-01
 5.18036354e-01 0.00000000e+00 3.88978471e-01
 1.69733678e-01 0.00000000e+00 4.37965806e-01
 7.66386780e-01 0.00000000e+00 5.90140838e-02
 9.38754874e-01 0.00000000e+00 7.54568599e-01
 1.20524565e-01 0.00000000e+00 9.83876679e-01
 7.53095031e-01 0.00000000e+00 1.46926216e-02
 3.82888782e-01 0.00000000e+00 1.18765018e-01
 4.06864439e-01 0.00000000e+00 5.13056677e-01
 6.30684305e-01 0.00000000e+00 4.55366428e-01
 6.44176165e-01 0.00000000e+00 9.37617563e-01
 2.92545649e-01 0.00000000e+00 5.09743500e-02
 8.02833758e-01 0.00000000e+00 7.61028935e-01
 3.13857290e-01 0.00000000e+00 7.45809501e-01
 5.54147322e-01 0.00000000e+00 1.71187045e-01
 2.18785038e-01 0.00000000e+00 2.70703608e-01
 7.10779661e-01 0.00000000e+00 6.83431425e-01
 1.81401347e-01 0.00000000e+00 8.31926289e-01
 6.87395179e-01 0.00000000e+00 6.12347208e-01
 3.51474832e-01 0.00000000e+00 4.91217014e-01
 5.65376931e-01 0.00000000e+00 5.72226739e-01
 4.31980948e-01 0.00000000e+00 9.51866226e-01
 9.59567053e-01 0.00000000e+00 9.32462676e-01
 8.08389598e-01 0.00000000e+00 5.62665562e-01
 7.53087385e-01 0.00000000e+00 8.06108170e-01
 4.38899160e-01 0.00000000e+00 3.06492889e-01
 5.14747021e-01 0.00000000e+00 8.95116850e-02
 8.09996923e-01 0.00000000e+00 3.06788020e-01
 2.56739642e-01 0.00000000e+00 4.64823890e-01
 9.66669202e-01 0.00000000e+00 6.99000592e-01
 1.30775145e-01 0.00000000e+00 7.06978265e-01
 3.96215857e-01 0.00000000e+00 1.05309494e-01
 2.43718818e-01 0.00000000e+00 3.85011498e-01
 6.36025981e-01 0.00000000e+00 8.04698675e-01
 8.93255377e-01 0.00000000e+00 1.50406740e-01
 8.88449171e-01 0.00000000e+00 3.06146045e-01
 7.62841237e-01 0.00000000e+00 6.28375281e-01
 6.33406396e-01 0.00000000e+00 7.56827782e-01
 1.48169658e-01 0.00000000e+00 3.58234760e-01
 9.99557186e-01 0.00000000e+00 7.64180556e-01
 8.19083982e-01 0.00000000e+00 4.47532778e-01
 4.89820022e-01 0.00000000e+00 7.37139086e-01
 3.98433301e-01 0.00000000e+00 7.93339863e-01
 6.54142145e-02 0.00000000e+00 2.82973133e-01
 4.64948555e-01 0.00000000e+00 5.95043306e-01
 4.85117228e-01 0.00000000e+00 1.11665186e-01
 3.83693119e-01 0.00000000e+00 4.81148639e-01
 7.74872090e-01 0.00000000e+00 8.43799983e-01
 4.57294454e-01 0.00000000e+00 9.04007236e-01
 5.48319503e-02 0.00000000e+00 8.54264536e-01
 6.71640697e-01 0.00000000e+00 2.65690893e-02
 7.34937013e-01 0.00000000e+00 8.83995551e-01
 8.10589275e-01 0.00000000e+00 9.82457150e-01
 6.43235586e-01 0.00000000e+00 3.05393627e-01
 5.67865972e-01 0.00000000e+00 5.82857489e-01
 3.63093434e-03 0.00000000e+00 4.11465311e-01
 3.78399532e-01 0.00000000e+00 1.92089632e-01
 4.53738148e-01 0.00000000e+00 5.85630496e-01
 6.27272073e-01 0.00000000e+00 6.59347130e-01
 5.18338939e-02 0.00000000e+00 7.99738046e-01
 1.50650105e-01 0.00000000e+00 3.14048432e-01
 5.21899059e-01 0.00000000e+00 4.93033571e-01
 5.15240411e-01 0.00000000e+00 7.88100924e-01
 9.33512758e-01 0.00000000e+00 2.93277426e-01
 9.40882332e-01 0.00000000e+00 8.93899087e-01
 1.37390581e-01 0.00000000e+00 1.04446271e-02
 1.84037240e-01 0.00000000e+00 8.85188212e-01
 3.45042705e-01 0.00000000e+00 3.46998186e-01
 1.21461685e-01 0.00000000e+00 9.73704182e-01
 7.68339230e-02 0.00000000e+00 2.97783326e-01
 2.60610084e-01 0.00000000e+00 9.59324455e-01
 7.73023709e-01 0.00000000e+00 1.29279602e-01
 1.15381742e-02 0.00000000e+00 8.15368085e-01
 7.26625414e-01 0.00000000e+00 8.34077143e-01
 5.43520403e-01 0.00000000e+00 8.41384417e-01
 3.85823362e-01 0.00000000e+00 7.61191874e-01
 1.91523187e-01 0.00000000e+00 3.49121476e-01
 7.69816539e-01 0.00000000e+00 3.66190305e-01
 2.74226662e-01 0.00000000e+00 8.13670408e-01
 5.92959541e-01 0.00000000e+00 3.51017093e-01
 8.87814353e-01 0.00000000e+00 8.70697893e-01
 5.47470963e-01 0.00000000e+00 7.47377672e-01
 9.35814970e-01 0.00000000e+00 2.94754446e-01
 8.24520717e-01 0.00000000e+00 1.94020520e-01
 9.81534044e-01 0.00000000e+00 5.55356873e-01
 9.54362126e-01 0.00000000e+00 9.82289671e-01
 9.98123134e-01 0.00000000e+00 4.54456131e-01
 7.24959081e-02 0.00000000e+00 6.95468968e-01
 5.66545191e-01 0.00000000e+00 2.23717761e-01
 2.49631210e-01 0.00000000e+00 5.08224579e-01
 6.74732670e-01 0.00000000e+00 7.69166027e-01
 3.82177388e-01 0.00000000e+00 2.44576346e-01
 7.35265767e-03 0.00000000e+00 4.56437004e-01
 4.89728639e-01 0.00000000e+00 5.57670904e-01
 7.62434340e-01 0.00000000e+00 3.97517148e-01
 7.58843496e-01 0.00000000e+00 1.64106485e-01
 3.51671585e-01 0.00000000e+00 9.91078948e-01
 4.49667234e-01 0.00000000e+00 6.60028798e-02
 9.31298507e-01 0.00000000e+00 3.02848684e-01
 6.05388505e-01 0.00000000e+00 1.72022816e-01
 2.42236224e-01 0.00000000e+00 2.79773172e-01
 9.01008697e-01 0.00000000e+00 8.53609016e-01
 3.43386136e-01 0.00000000e+00 2.62771425e-01
 1.52607224e-01 0.00000000e+00 2.66714124e-01
 9.90589329e-01 0.00000000e+00 5.27968925e-01
 2.76463096e-01 0.00000000e+00 6.30656082e-01
 6.90065454e-01 0.00000000e+00 4.17724510e-02
 3.36181227e-01 0.00000000e+00 7.04158245e-01
 9.82147271e-01 0.00000000e+00 8.92108691e-01
 6.63779450e-01 0.00000000e+00 3.28897796e-01
 2.70307369e-01 0.00000000e+00 1.44270209e-03
 1.14209545e-02 0.00000000e+00 3.18036620e-01
 6.62670603e-01 0.00000000e+00 2.33768055e-01
 7.25509641e-01 0.00000000e+00 8.34033382e-01
 6.68383536e-01 0.00000000e+00 2.76772515e-01
 7.96799424e-01 0.00000000e+00 6.51404797e-01
 8.82853937e-01 0.00000000e+00 3.88556233e-01
 8.91383383e-02 0.00000000e+00 4.75418658e-01
 3.15843738e-01 0.00000000e+00 5.79733792e-02
 2.18573400e-02 0.00000000e+00 7.09220354e-01
 5.04485242e-01 0.00000000e+00 1.56397462e-01
 7.14955842e-01 0.00000000e+00 2.56615775e-01
 5.64818951e-01 0.00000000e+00 8.05689349e-01
 7.91932626e-01 0.00000000e+00 6.50397309e-01
 7.52626314e-01 0.00000000e+00 1.28028554e-01
 8.54933506e-01 0.00000000e+00 8.77996222e-01
 1.93034220e-01 0.00000000e+00 5.76807667e-01
 3.69941996e-01 0.00000000e+00 1.26141390e-01
 2.29787526e-01 0.00000000e+00 1.14392707e-01
 3.42770271e-01 0.00000000e+00 1.05099201e-01
 1.54618530e-01 0.00000000e+00 4.70108962e-01
 1.56592274e-01 0.00000000e+00 2.48073120e-01
 4.72109955e-01 0.00000000e+00 3.88799168e-02
 5.11792165e-01 0.00000000e+00 8.18258948e-01
 7.04471734e-01 0.00000000e+00 3.60341308e-01
 8.03378263e-01 0.00000000e+00 6.05041118e-01
 9.56030676e-01 0.00000000e+00 6.61886494e-01
 5.54585832e-01 0.00000000e+00 1.95463137e-02
 6.19719432e-01 0.00000000e+00 3.21970206e-01
 8.21666931e-01 0.00000000e+00 4.38507542e-01
 2.09454180e-01 0.00000000e+00 8.01269927e-01
 8.06933331e-01 0.00000000e+00 2.83640567e-01
 3.24890141e-01 0.00000000e+00 3.47628240e-01
 5.30016679e-01 0.00000000e+00 2.79694618e-01
 5.79591873e-01 0.00000000e+00 1.83067651e-01
 7.46868284e-02 0.00000000e+00 7.84502709e-01
 9.84602280e-01 0.00000000e+00 4.01534359e-01
 3.48414591e-01 0.00000000e+00 2.20289309e-01
 2.07191681e-01 0.00000000e+00 9.14080771e-01
 3.23659046e-01 1.00000000e+00 1.77960614e-01
 4.98083143e-01 1.00000000e+00 7.25578227e-01
 4.13410302e-01 1.00000000e+00 6.09195518e-01
 7.42871842e-01 1.00000000e+00 5.92430067e-01
 2.33446313e-01 1.00000000e+00 6.22974769e-01
 4.20317144e-01 1.00000000e+00 1.91482451e-01
 9.58349538e-01 1.00000000e+00 9.87881002e-01
 1.35907172e-01 1.00000000e+00 1.09693939e-01
 1.20690469e-01 1.00000000e+00 6.13106245e-01
 8.76285435e-01 1.00000000e+00 7.59740863e-01
 7.79595609e-01 1.00000000e+00 7.96843472e-01
 2.44317762e-01 1.00000000e+00 7.69761959e-01
 7.55512086e-01 1.00000000e+00 6.21309588e-01
 9.60572195e-01 1.00000000e+00 8.55175807e-01
 3.32208262e-02 1.00000000e+00 8.81813415e-01
 6.85701315e-01 1.00000000e+00 7.00116128e-01
 5.67646542e-01 1.00000000e+00 1.77452806e-01
 5.07443762e-01 1.00000000e+00 2.37133910e-01
 7.75366351e-01 1.00000000e+00 2.08034896e-01
 3.50567810e-03 1.00000000e+00 3.58500815e-01
 4.42947247e-01 1.00000000e+00 4.48085540e-01
 8.21511101e-01 1.00000000e+00 2.73116360e-01
 6.24342333e-01 1.00000000e+00 4.05981304e-01
 1.50259093e-01 1.00000000e+00 7.76719826e-01
 4.24479323e-01 1.00000000e+00 1.12798947e-01
 7.50585604e-01 1.00000000e+00 6.77005645e-02
 2.71175661e-01 1.00000000e+00 5.32708701e-01
 2.94021330e-01 1.00000000e+00 9.13514376e-01
 8.84707830e-01 1.00000000e+00 9.97752052e-01
 1.50148550e-01 1.00000000e+00 5.48611120e-02
 4.73864613e-01 1.00000000e+00 6.51446159e-01
 4.03484199e-01 1.00000000e+00 1.30568546e-01
 1.61716562e-01 1.00000000e+00 4.22950252e-01
 9.45124170e-01 1.00000000e+00 2.37171758e-01
 7.40979570e-02 1.00000000e+00 8.83368421e-01
 9.05326304e-01 1.00000000e+00 7.75978922e-01
 8.11384558e-03 1.00000000e+00 9.39429173e-02
 6.02243161e-01 1.00000000e+00 1.45069368e-01
 1.21439423e-01 1.00000000e+00 7.86011537e-01
 9.79192437e-01 1.00000000e+00 3.88696613e-01
 6.23160483e-01 1.00000000e+00 2.38006592e-01
 8.13501227e-01 1.00000000e+00 2.66799138e-01
 7.68639322e-01 1.00000000e+00 5.59564516e-01
 7.40598972e-02 1.00000000e+00 6.03373774e-01
 7.86319011e-01 1.00000000e+00 1.41116195e-01
 5.81751329e-01 1.00000000e+00 6.72115428e-01
 8.97662189e-01 1.00000000e+00 1.03776182e-01
 6.60143120e-01 1.00000000e+00 3.15862308e-01
 5.25794197e-01 1.00000000e+00 2.17717314e-01
 6.62350326e-01 1.00000000e+00 9.60980674e-01
 6.80668409e-01 1.00000000e+00 7.15253631e-01
 6.65744416e-01 1.00000000e+00 9.73722868e-02
 8.09322069e-01 1.00000000e+00 9.80420329e-01
 7.36236502e-01 1.00000000e+00 4.65476213e-02
 3.35846354e-01 1.00000000e+00 4.22978244e-02
 8.90638093e-01 1.00000000e+00 2.30863676e-01
 8.42089338e-01 1.00000000e+00 6.69579694e-01
 6.43841665e-01 1.00000000e+00 5.09985665e-01
 7.00403538e-01 1.00000000e+00 6.75482407e-01
 6.99060869e-01 1.00000000e+00 7.75495673e-01
 4.84264975e-01 1.00000000e+00 1.35584032e-01
 2.69809847e-01 1.00000000e+00 9.32393250e-01
 9.86189416e-01 1.00000000e+00 6.47294746e-01
 9.62457486e-01 1.00000000e+00 3.53388452e-01
 6.75320965e-01 1.00000000e+00 5.87057475e-01
 4.43322150e-02 1.00000000e+00 9.74734108e-01
 2.96554870e-01 1.00000000e+00 1.09414896e-01
 1.04281429e-01 1.00000000e+00 7.92886378e-03
 1.59462396e-01 1.00000000e+00 8.95399824e-01
 1.32819356e-01 1.00000000e+00 4.69696566e-01
 5.96615999e-01 1.00000000e+00 2.46969889e-02
 8.40138306e-03 1.00000000e+00 6.77841353e-01
 2.79635827e-01 1.00000000e+00 5.43845329e-01
 4.05987439e-01 1.00000000e+00 9.81119170e-01
 1.94026591e-01 1.00000000e+00 9.99188052e-01
 6.18564006e-01 1.00000000e+00 3.84557078e-01
 5.28609352e-01 1.00000000e+00 8.88262076e-01
 9.59624714e-01 1.00000000e+00 8.09164663e-01
 5.34815980e-01 1.00000000e+00 8.36489393e-01
 1.99539870e-01 1.00000000e+00 5.37668168e-02
 8.46961573e-01 1.00000000e+00 7.67173811e-01
 2.70138512e-01 1.00000000e+00 9.22143189e-01
 1.49470740e-01 1.00000000e+00 9.26284899e-01
 5.38934055e-01 1.00000000e+00 4.63127085e-01
 4.48078498e-01 1.00000000e+00 8.60247535e-01
 3.18725938e-01 1.00000000e+00 8.24462762e-01
 9.14561677e-01 1.00000000e+00 7.73259115e-01
 8.62376890e-01 1.00000000e+00 4.46826876e-01
 4.94945964e-01 1.00000000e+00 5.70775316e-01
 8.62749347e-01 1.00000000e+00 6.67975327e-01
 6.81313060e-01 1.00000000e+00 9.68035969e-02
 2.60172551e-01 1.00000000e+00 4.63012411e-01
 7.62265163e-01 1.00000000e+00 2.14272906e-01
 5.74321716e-01 1.00000000e+00 5.43988473e-02
 7.95570897e-01 1.00000000e+00 8.32629354e-01
 4.18476125e-02 1.00000000e+00 7.32107290e-01
 2.07717691e-01 1.00000000e+00 4.72392468e-01
 6.60236984e-02 1.00000000e+00 9.16861769e-01
 3.91194011e-01 1.00000000e+00 8.24874458e-01
 1.84382529e-01 1.00000000e+00 6.27676424e-01
 1.48072923e-01 1.00000000e+00 9.59018207e-01
 2.80445503e-01 1.00000000e+00 4.58066500e-01
 9.64018742e-01 1.00000000e+00 4.50324111e-01
 9.06243481e-01 1.00000000e+00 7.23629222e-01
 6.82870837e-01 1.00000000e+00 5.19365412e-01
 4.98154074e-01 1.00000000e+00 2.20615600e-01
 6.73636704e-01 1.00000000e+00 1.33988361e-01
 8.16371819e-01 1.00000000e+00 4.74657672e-01
 6.15440492e-01 1.00000000e+00 6.00108086e-01
 7.43566323e-01 1.00000000e+00 3.70680960e-01
 3.63232479e-01 1.00000000e+00 9.62580522e-01
 6.05335077e-01 1.00000000e+00 6.09341954e-01
 8.49981148e-02 1.00000000e+00 9.56149249e-01
 8.97014083e-01 1.00000000e+00 4.62451452e-01
 5.48989002e-01 1.00000000e+00 9.39920572e-01
 7.84240450e-01 1.00000000e+00 6.56406407e-01
 4.24274992e-01 1.00000000e+00 2.23863612e-01
 6.63025416e-01 1.00000000e+00 8.42707078e-01
 6.95561291e-01 1.00000000e+00 9.09159066e-01
 6.26417165e-01 1.00000000e+00 5.75599178e-01
 3.96635626e-02 1.00000000e+00 1.95091035e-01
 6.22538049e-01 1.00000000e+00 9.24447337e-01
 4.35063909e-01 1.00000000e+00 9.68947014e-03
 9.99879444e-01 1.00000000e+00 2.44340018e-03
 3.03474413e-01 1.00000000e+00 6.99973148e-01
 2.79929217e-01 1.00000000e+00 7.31064024e-01
 4.57160480e-01 1.00000000e+00 8.18869171e-01
 5.33459953e-02 1.00000000e+00 9.21524970e-02
 9.56267935e-01 1.00000000e+00 4.71666846e-01
 1.75819251e-01 1.00000000e+00 9.46374158e-01
 3.81382397e-01 1.00000000e+00 8.99527621e-01
 6.39715763e-01 1.00000000e+00 1.81304008e-01
 2.96239113e-01 1.00000000e+00 8.57270255e-01
 7.81797926e-01 1.00000000e+00 4.04513853e-01
 9.59729471e-01 1.00000000e+00 3.47035462e-01
 8.47499853e-01 1.00000000e+00 5.55809310e-01
 5.44673249e-01 1.00000000e+00 4.76472407e-01
 4.98450349e-01 1.00000000e+00 6.23665992e-01
 1.92668265e-01 1.00000000e+00 9.49078962e-01
 5.51863525e-01 1.00000000e+00 4.95714295e-01
 7.13847803e-02 1.00000000e+00 5.28301183e-01
 4.29778660e-01 1.00000000e+00 6.50682717e-01
 4.23117984e-02 1.00000000e+00 4.71848210e-01
 5.71233065e-01 1.00000000e+00 8.77146432e-01
 5.65543518e-01 1.00000000e+00 6.08155074e-01
 7.92147065e-01 1.00000000e+00 8.46290102e-01
 7.95203700e-01 1.00000000e+00 1.75512191e-01
 8.68063910e-02 1.00000000e+00 8.32265655e-01
 6.71718315e-01 1.00000000e+00 7.49015476e-01
 8.55587417e-01 1.00000000e+00 1.17551102e-01
 5.45681508e-01 1.00000000e+00 8.97245585e-01
 6.02297451e-01 1.00000000e+00 1.21884431e-01
 1.02261599e-01 1.00000000e+00 1.62859180e-02
 7.71674834e-01 1.00000000e+00 5.81100798e-01
 5.93810612e-02 1.00000000e+00 5.78240728e-01
 9.72737811e-01 1.00000000e+00 4.32746508e-02
 7.65963084e-01 1.00000000e+00 8.12376024e-01
 5.61821041e-03 1.00000000e+00 8.30984182e-02
 6.41587724e-01 1.00000000e+00 7.55170074e-01
 3.43826116e-02 1.00000000e+00 2.08436814e-01
 2.01453175e-01 1.00000000e+00 7.52480808e-01
 9.81270373e-01 1.00000000e+00 3.31972299e-01
 7.60184042e-01 1.00000000e+00 5.38364434e-01
 9.55931945e-01 1.00000000e+00 8.61149756e-01
 6.28642525e-01 1.00000000e+00 4.56835108e-01
 7.24642112e-01 1.00000000e+00 8.56366253e-01
 2.64711760e-01 1.00000000e+00 9.32690426e-01
 9.18073989e-01 1.00000000e+00 3.62113878e-02
 9.17214998e-01 1.00000000e+00 8.77849327e-01
 6.80501242e-01 1.00000000e+00 1.48122729e-01
 5.28464401e-01 1.00000000e+00 3.02786674e-01
 9.13410648e-01 1.00000000e+00 2.22893598e-01
 1.57960204e-02 1.00000000e+00 6.36783288e-02
 5.11061088e-02 1.00000000e+00 7.23330796e-02
 8.95877517e-01 1.00000000e+00 4.54260212e-01
 5.66816665e-01 1.00000000e+00 7.64994877e-02
 1.98235530e-01 1.00000000e+00 1.44430275e-01
 8.74552479e-01 1.00000000e+00 3.48181565e-01
 9.80432635e-01 1.00000000e+00 4.62769288e-01
 7.52787940e-01 1.00000000e+00 1.20228158e-01
 3.13555493e-01 1.00000000e+00 6.57790763e-01
 8.84064861e-01 1.00000000e+00 5.96978330e-01
 9.00095055e-01 1.00000000e+00 3.32220650e-01
 8.11079693e-02 1.00000000e+00 5.15219489e-01
 8.99546564e-01 1.00000000e+00 8.98698973e-01
 1.69354265e-01 1.00000000e+00 3.36710024e-01
 4.31324514e-01 1.00000000e+00 6.26465878e-01
 7.03851007e-01 1.00000000e+00 9.89034892e-01
 5.17922421e-01 1.00000000e+00 9.12734308e-02
 2.11184545e-02 1.00000000e+00 7.26161256e-01
 9.27070471e-01 1.00000000e+00 3.53373615e-01
 1.86630966e-02 1.00000000e+00 3.49067013e-01
 6.88085904e-01 1.00000000e+00 2.72321350e-01
 4.05810706e-01 1.00000000e+00 9.34015260e-01
 6.42780822e-01 1.00000000e+00 3.46686029e-01
 4.39254848e-01 1.00000000e+00 6.63922976e-01
 2.34794757e-01 1.00000000e+00 5.59596704e-02
 3.91209725e-01 1.00000000e+00 1.52997186e-01
 4.77923041e-01 1.00000000e+00 5.34928701e-01
 2.97504348e-01 1.00000000e+00 6.19668256e-02
