 5.73377886e-01 5.99408431e-01 7.13576114e-01
 7.69205528e-01 8.28718731e-01 4.87060496e-01
 2.63783434e-01 3.78243478e-01 3.88692170e-01
 5.43420234e-01 5.63086249e-01 8.15491215e-01
 2.62562076e-01 9.50000000e-01 5.65967843e-01
 5.17781695e-01 8.86637460e-01 6.70966708e-01
 8.42451962e-01 7.66318972e-01 1.27101778e-01
 5.98693462e-02 6.34599479e-01 4.97478578e-01
 9.38629249e-01 3.86749811e-01 4.92862968e-01
 2.31762604e-01 4.48630100e-01 1.92674230e-01
 3.58360956e-01 7.81016005e-02 7.71745403e-01
 6.88094862e-01 5.71119744e-01 2.65658572e-01
 5.85109949e-01 5.58290144e-02 2.79958134e-01
 7.29006774e-01 4.73940404e-01 1.84393922e-01
 7.24651783e-01 4.14825104e-01 3.41936195e-01
 8.91957341e-02 3.39498146e-01 4.55445490e-01
 5.59908896e-01 5.89349347e-01 4.87418508e-01
 6.03411059e-01 6.08284188e-01 7.15572340e-01
 8.14166431e-01 7.94211151e-01 8.34445452e-01
 7.23578581e-01 4.10361427e-01 1.36901448e-01
 5.05713495e-02 5.58881591e-01 6.59422892e-01
 4.58397953e-01 2.45463545e-01 9.25521742e-01
 5.42809471e-01 5.61287249e-01 2.36806316e-01
 6.28602593e-01 8.84612398e-01 6.62573041e-01
 5.76622795e-01 6.01116596e-01 4.98524118e-01
 5.62659695e-01 5.91878398e-01 8.41343158e-01
 7.97044833e-01 1.54298738e-01 7.15697118e-01
 6.93125765e-01 8.67193249e-01 4.39860186e-01
 5.82892306e-01 2.57604343e-01 5.34229704e-01
 8.58226055e-01 2.18357663e-01 9.25037975e-01
 7.23203173e-01 5.06801867e-01 6.21673315e-01
 3.55750969e-01 8.20381262e-01 3.20306025e-01
 4.03742504e-01 2.60131379e-01 6.21246226e-01
 7.28082985e-01 4.82619416e-01 3.48388343e-01
 1.05352199e-01 7.66185759e-01 2.79017916e-01
 8.16615708e-01 1.72059741e-01 7.21770065e-01
 6.23000397e-01 2.76926111e-01 9.03655629e-01
 7.56550776e-01 1.23624002e-01 4.81249813e-01
 7.29613090e-01 4.61579543e-01 2.91917071e-01
 2.92051304e-01 3.39572978e-01 9.48073271e-01
 3.57514962e-01 7.84175264e-02 6.38146054e-01
 5.03707632e-01 2.42506107e-01 5.63413043e-01
 2.29155977e-01 4.57383485e-01 7.25779373e-01
 2.17406657e-01 5.63612431e-01 2.85957791e-01
 3.54880138e-01 2.84937725e-01 1.00630540e-01
 6.92469505e-01 8.81424348e-02 1.77033038e-01
 4.33217766e-01 5.73915637e-02 7.83962492e-01
 7.81923387e-01 1.41964230e-01 6.05208632e-01
 6.30450144e-01 6.06050052e-01 2.83706696e-01
 3.37890230e-01 8.62959549e-02 6.89009937e-01
 5.20417040e-02 5.80298831e-01 9.93631825e-02
 2.57417165e-01 9.46249551e-01 8.26559859e-01
 6.69457479e-01 3.13948444e-01 7.00668738e-01
 6.45213483e-02 6.55626555e-01 7.89117480e-01
 2.51939138e-01 1.34726294e-01 9.06743606e-02
 7.24020509e-01 4.12146205e-01 2.18180064e-01
 6.87571061e-01 5.71680960e-01 4.35646279e-01
 3.08091318e-01 7.77466676e-01 1.63626926e-01
 4.30253972e-01 2.51440475e-01 4.25767323e-01
 6.32414593e-01 6.05563540e-01 8.42515913e-01
 5.39976524e-01 5.50181889e-01 3.17325555e-01
 5.25779397e-02 5.85922054e-01 5.08150900e-01
 8.01472803e-01 8.05041050e-01 5.30922614e-01
 7.05523243e-01 3.63582849e-01 3.50721062e-01
 2.09532627e-01 9.06105438e-01 5.78474793e-01
 9.42526236e-01 4.05191842e-01 2.96534859e-01
 4.21137536e-01 5.98003123e-02 8.86874945e-01
 3.76311831e-01 7.18456938e-02 4.16111976e-01
 5.00991268e-01 2.42454282e-01 5.64753935e-02
 6.77146242e-01 8.72694557e-01 8.92224787e-01
 5.70582471e-01 5.97745587e-01 7.14527183e-02
 7.29178687e-01 4.71687654e-01 3.36290589e-01
 8.99939706e-01 2.83078939e-01 3.70037866e-01
 9.46737914e-01 4.32118853e-01 7.15807998e-01
 6.81457956e-01 8.33873990e-02 3.34860364e-01
 7.22136860e-01 5.10499445e-01 7.35174993e-01
 9.42266038e-01 5.66634366e-01 3.79726094e-01
 1.08431953e-01 2.99044867e-01 9.31405738e-01
 2.74644017e-01 3.61821585e-01 2.18950459e-01
 9.49866686e-01 4.97679024e-01 3.90398067e-01
 8.76359709e-01 2.43476456e-01 4.08192865e-01
 8.45792869e-02 3.50856087e-01 4.90341969e-01
 3.88389923e-01 8.41982205e-01 8.82245736e-01
 7.35090204e-01 8.48664742e-01 9.00759967e-01
 5.45530397e-01 5.11396665e-02 1.13052281e-01
 6.89434711e-01 3.37786165e-01 6.40130433e-01
 2.10498183e-01 9.07019198e-01 8.42512983e-01
 5.46170691e-02 4.66261165e-01 4.15635744e-01
 6.69651920e-01 5.87589588e-01 5.19562419e-01
 6.10914524e-01 2.70101998e-01 4.73907069e-01
 5.50147796e-01 2.48042295e-01 5.61859882e-01
 2.68403152e-01 7.25325589e-01 2.98928022e-01
 6.65523903e-01 3.09969073e-01 1.34219647e-01
 3.19781407e-01 7.89533794e-01 2.43387167e-01
 1.46803969e-01 8.34302272e-01 2.96038175e-01
 2.29876815e-01 6.38335834e-01 5.46886017e-01
 8.37161577e-01 7.71977605e-01 6.73776988e-01
 9.48926557e-01 5.16335163e-01 1.82683338e-01
 5.39006064e-01 5.44196590e-01 4.18711611e-01
 6.95752607e-01 8.66210150e-01 2.58762066e-01
 5.26476954e-01 5.01731367e-02 3.37186795e-01
 2.20159915e-01 5.00148293e-01 3.46069595e-01
 9.49536465e-01 5.06239953e-01 7.32089824e-01
 6.52532823e-01 7.25535863e-02 3.01353234e-01
 5.30572394e-01 2.44618459e-01 9.15110480e-01
 2.19493168e-01 5.87264176e-01 5.69745595e-01
 4.11465674e-01 8.54323904e-01 4.07144620e-01
 9.19521960e-01 3.25716375e-01 1.36607887e-01
 1.03425228e-01 3.08700646e-01 1.11676011e-01
 3.27368313e-01 3.04982043e-01 7.75365306e-01
 5.42087424e-01 2.46434338e-01 9.27903081e-01
 5.96804018e-01 8.88713875e-01 4.64370834e-01
 5.95234226e-02 6.32847996e-01 6.00396755e-01
 2.19526340e-01 5.04896912e-01 4.32415887e-01
 6.95227425e-01 5.62798028e-01 5.58490455e-02
 1.81458044e-01 8.77277178e-01 6.80041408e-01
 2.55520091e-01 3.92508085e-01 9.17244845e-01
 9.22527596e-01 6.36034763e-01 4.81281445e-01
 5.09644572e-01 5.00078442e-02 5.35990295e-01
 7.25005254e-01 4.99695771e-01 3.40774529e-01
 8.13801139e-01 1.69369558e-01 7.69024974e-01
 7.97549035e-01 8.08203582e-01 6.19393382e-01
 1.69752960e-01 2.09642419e-01 1.34868552e-01
 1.15246314e-01 2.86684865e-01 7.53413357e-01
 7.29289207e-01 4.47024133e-01 2.04698049e-01
 9.01112579e-02 3.37337612e-01 8.57963844e-01
 5.25073332e-01 8.87567229e-01 7.95870423e-01
 9.37366427e-01 5.88739464e-01 6.91774368e-01
 4.73112624e-01 5.18650761e-02 2.44824108e-01
 3.28085491e-01 9.06378787e-02 9.31645436e-01
 2.93297051e-01 7.60348415e-01 5.42883306e-01
 5.00765395e-02 5.43755378e-01 3.37389604e-01
 4.86863505e-01 8.80963632e-01 6.39372572e-01
 9.09568897e-01 6.66415370e-01 2.14626459e-01
 7.27778307e-01 4.84843664e-01 6.06330135e-01
 7.12085400e-01 9.75311701e-02 6.56994273e-01
 6.38708882e-01 2.87312296e-01 3.50433283e-01
 5.28511303e-02 5.88560144e-01 2.84346286e-01
 3.58012982e-01 7.82313137e-02 6.69658314e-01
 5.88308189e-01 2.59687073e-01 4.56313286e-01
 7.15772457e-01 5.28060097e-01 4.66088885e-01
 7.89157716e-01 1.47724622e-01 3.11392183e-01
 8.91928469e-01 2.68528203e-01 8.66501995e-01
 9.47788992e-01 5.29319072e-01 6.57167318e-01
 6.38842594e-01 8.82678011e-01 6.82902607e-01
 4.70520305e-01 8.76794574e-01 2.24071076e-01
 6.72784141e-01 3.17473821e-01 1.67891308e-01
 2.70506841e-01 3.67807445e-01 5.82363707e-01
 2.95610679e-01 1.07075176e-01 4.00888098e-01
 1.08168983e-01 2.99539228e-01 1.90591720e-01
 7.96673039e-01 8.08898223e-01 6.14164952e-02
 6.90790256e-01 8.73939309e-02 3.39065732e-01
 1.30393473e-01 8.10109926e-01 3.12580170e-01
 4.43335048e-01 5.56397063e-02 9.22187989e-01
 4.66837283e-01 2.44296100e-01 4.32117706e-01
 8.15653028e-01 1.71134187e-01 3.93768401e-01
 3.38014279e-01 8.62427850e-02 5.06307602e-01
 7.33703080e-01 1.09332514e-01 6.78151249e-01
 5.00628726e-01 8.83840301e-01 1.64126910e-01
 3.36854020e-01 2.97491286e-01 7.91164219e-02
 6.76831779e-01 8.72794699e-01 7.71332729e-02
 6.28276645e-01 6.06537758e-01 1.45960931e-01
 6.13738644e-01 8.86885486e-01 9.25940487e-02
 3.24512429e-01 7.94099446e-01 1.09195526e-01
 2.20352641e-01 5.93688312e-01 2.16351516e-01
 6.74721830e-01 5.83674221e-01 1.13656956e-01
 7.18110546e-01 5.22294208e-01 2.23103399e-01
 8.42523739e-01 7.66240656e-01 1.78644484e-01
 5.76995630e-01 5.45686269e-02 7.71973685e-01
 2.38077343e-01 9.31231059e-01 9.17910108e-02
 6.68476874e-01 5.88438897e-01 1.69463989e-01
 7.97218720e-01 1.54447263e-01 8.02147146e-01
 5.66563068e-01 2.52208123e-01 4.42910201e-01
 1.19757079e-01 2.78941326e-01 9.22926301e-01
 5.51415659e-01 5.79151143e-01 8.25964119e-01
 2.72740951e-01 3.64536842e-01 7.92636049e-01
 9.41971975e-01 5.68137746e-01 9.37605690e-01
 3.89606307e-01 6.77509412e-02 3.98218031e-01
 4.83726322e-01 2.42808859e-01 4.16436094e-01
 2.21941233e-01 4.88924370e-01 3.56219257e-01
 2.56206876e-01 1.31713529e-01 2.76348402e-01
 2.17434476e-01 5.28139403e-01 5.38273017e-01
 4.01787686e-01 8.49417257e-01 2.51026331e-01
 3.58914062e-01 2.82404753e-01 7.21818002e-01
 2.30358455e-01 4.53231427e-01 1.70037251e-01
 7.49795399e-01 1.19191831e-01 5.44327622e-01
 4.82309966e-01 2.42890255e-01 9.14510387e-01
 2.98932089e-01 3.31865549e-01 9.70452108e-02
 5.66185695e-01 5.94722654e-01 7.75660445e-01
 6.60606328e-01 8.77547313e-01 2.29638448e-01
 5.01466650e-02 5.47075070e-01 4.20089048e-01
 4.75137176e-01 5.16825449e-02 6.73667391e-01
 9.47602266e-01 4.39600099e-01 8.43815151e-01
 7.45281656e-01 8.43199602e-01 4.54932792e-01
 6.30606789e-01 6.06012851e-01 7.80569839e-02
 6.00281134e-01 5.86075588e-02 3.73585078e-01
 5.61909951e-01 2.50902927e-01 1.40180874e-01
 5.82802605e-01 2.57571112e-01 4.71212313e-01
 8.37637449e-01 7.71477628e-01 3.23541155e-01
 8.11605332e-01 7.96472721e-01 4.38928871e-01
 2.58108296e-01 1.30394241e-01 7.27600699e-01
 9.49004041e-01 4.55513337e-01 5.52783882e-01
 6.34721064e-01 2.84499548e-01 9.02718302e-01
 8.32950054e-01 7.76327419e-01 2.07587600e-01
 8.59343241e-01 7.46640967e-01 2.97135274e-01
 3.06459651e-01 3.24021830e-01 4.26183508e-01
 2.19576128e-01 5.04503612e-01 5.52412286e-01
 2.49931732e-01 9.40613236e-01 4.60631356e-01
 1.19478770e-01 2.79409756e-01 6.83069959e-01
 5.01596075e-02 5.47595031e-01 6.86944825e-01
 3.18672576e-01 3.12449364e-01 5.47950042e-01
 6.98906920e-01 9.10912709e-02 8.44482368e-01
 8.41127218e-01 7.67756884e-01 7.68343567e-01
 1.99662571e-01 1.78144700e-01 1.06779152e-01
 5.45836894e-01 2.47147301e-01 8.20939574e-01
 1.13403693e-01 2.89944837e-01 4.64452945e-01
 6.42606960e-01 6.02335412e-01 8.27951359e-01
 6.12818542e-01 2.71115149e-01 7.37151299e-01
 9.42417824e-01 4.04619589e-01 7.05214885e-01
 2.84136000e-01 3.49155664e-01 5.24718508e-01
 2.19205652e-01 5.84875552e-01 6.35075924e-01
 3.44441056e-01 8.35474669e-02 6.41298568e-01
 5.42138454e-02 4.69295720e-01 4.48581415e-01
 2.45060220e-01 9.36826964e-01 6.37078147e-01
 6.30010570e-01 6.56883114e-02 7.60408308e-01
 9.12786969e-01 3.09641247e-01 6.41291730e-01
 6.25595927e-01 2.78518194e-01 9.35314784e-01
 5.61878516e-01 5.91190063e-01 9.50014499e-02
 5.41881963e-01 2.46397015e-01 4.84592867e-01
 7.91973926e-01 8.12555066e-01 4.59115958e-01
 6.48172039e-01 2.94516621e-01 4.24702078e-01
 3.92903922e-01 6.68045493e-02 2.19602828e-01
 1.59564893e-01 2.21804002e-01 4.90255017e-01
 4.97520339e-01 2.42430753e-01 4.21724584e-01
 4.23287210e-01 8.59818975e-01 4.41699415e-01
 6.13641822e-02 4.27830615e-01 4.46931928e-01
 3.04256345e-01 7.73242181e-01 8.03568630e-01
 6.35211693e-01 6.71561198e-02 4.03755316e-01
 7.09987384e-01 5.40155763e-01 5.21679455e-01
 7.26940295e-01 4.26389103e-01 8.90995630e-01
 6.07376831e-01 6.00984430e-02 8.39089097e-01
 1.44037117e-01 2.42052038e-01 9.36355424e-01
 5.17628169e-01 2.43235146e-01 3.34206044e-01
 5.38004227e-01 2.45726369e-01 4.23734397e-01
 6.70203526e-01 5.87183537e-01 2.68435379e-01
 2.34054633e-01 6.51921353e-01 8.06945478e-01
 9.40869855e-01 3.96863831e-01 9.40603800e-01
 2.38572391e-01 9.31634469e-01 5.07509268e-01
 7.06908864e-01 3.66241937e-01 8.17958162e-01
 5.21585613e-02 5.81582120e-01 8.41104942e-01
 4.59207411e-01 5.33728264e-02 1.58299923e-01
 3.01107603e-01 1.04061460e-01 3.75422656e-01
 8.14104957e-01 1.69657642e-01 7.68295416e-01
 6.95546813e-01 5.62393087e-01 9.23110545e-01
 7.00317205e-01 3.54320231e-01 1.97717773e-01
 5.40259621e-01 5.07891719e-02 5.95559428e-01
 1.04660883e-01 3.06268403e-01 4.87967889e-01
 5.63954848e-01 2.51464179e-01 4.99829577e-01
 7.19570012e-01 5.18340043e-01 4.22675298e-01
 7.07357192e-01 5.44902794e-01 3.33923683e-01
 6.05771088e-01 2.67475366e-01 3.77602007e-01
 9.42667214e-02 7.42860858e-01 1.59770559e-01
 4.13022938e-01 6.16143863e-02 2.56328724e-01
 6.26064893e-01 2.78810861e-01 5.03133879e-01
 6.19639331e-01 2.74932747e-01 5.34114478e-01
 3.18043528e-01 9.53760111e-02 7.25748647e-01
 7.28811457e-01 4.40777493e-01 2.33277917e-01
 2.17011025e-01 5.52661356e-01 8.44443715e-01
 8.39624953e-01 7.69370382e-01 6.40109759e-01
 1.51730720e-01 2.31741659e-01 2.94619762e-01
 2.18595623e-01 5.13121609e-01 7.02529855e-01
 2.23389507e-01 4.81263919e-01 3.77639673e-01
 2.63702512e-01 7.17528550e-01 9.13627911e-01
 9.06777968e-01 2.96645517e-01 8.01170032e-01
 6.80866589e-01 5.78339315e-01 4.13870471e-01
 5.36321395e-01 5.05688503e-02 3.71438304e-01
 8.64796643e-01 2.27031431e-01 5.04573571e-01
 3.62669717e-01 8.25409989e-01 1.21400521e-01
 5.46529769e-01 8.89422738e-01 2.44575478e-01
 7.88813279e-01 8.14950198e-01 9.35673189e-01
 3.82769662e-01 8.38629157e-01 2.37086423e-01
 9.12764632e-01 3.09590791e-01 4.53410690e-01
 8.20973562e-01 1.76321578e-01 3.89443786e-01
 6.89996523e-01 5.69027942e-01 2.10942961e-01
 7.16702598e-01 5.25840950e-01 1.01564179e-01
 8.09820042e-01 1.65645214e-01 3.77609345e-01
 5.94199637e-01 8.88923704e-01 3.61941827e-01
 2.64459788e-01 1.26087900e-01 2.20536948e-01
 2.56609097e-01 7.04792879e-01 8.52973720e-01
 7.89432111e-01 8.14485262e-01 2.89347392e-01
 9.45884817e-01 5.44963799e-01 9.30895239e-01
 6.70808651e-01 8.74653381e-01 8.52138477e-02
 6.45635815e-01 8.81226681e-01 3.65538125e-01
 9.30999773e-01 3.58476128e-01 2.44651609e-01
 5.40497148e-01 8.89032855e-01 8.41084153e-01
 5.39449640e-01 5.47191467e-01 3.96414945e-01
 7.24863139e-01 4.15760299e-01 4.50288158e-01
 7.27631790e-01 4.30823767e-01 5.56765948e-01
 9.16714154e-01 6.50500705e-01 8.45229915e-02
 4.36269706e-01 5.68377546e-02 9.00811542e-01
 2.82998821e-01 7.46959963e-01 8.99833360e-01
 8.10911078e-02 3.60017403e-01 1.67368389e-01
 3.78415129e-01 2.71450612e-01 2.45183969e-01
 1.12992720e-01 7.80691083e-01 6.60887722e-01
 6.00277636e-01 6.07980738e-01 3.02873083e-01
 7.21536642e-01 5.12453468e-01 4.70888116e-01
 7.24285624e-01 5.02686834e-01 6.50849993e-01
 9.46355007e-01 5.41515691e-01 4.77418185e-01
 3.65635842e-01 7.54638978e-02 9.26703239e-01
 3.02995491e-01 7.71822295e-01 3.22452480e-01
 3.18640721e-01 9.50858287e-02 3.68138493e-01
 9.49665127e-01 5.03396779e-01 3.92673156e-01
 2.77867479e-01 7.39749005e-01 5.86043094e-01
 7.17140845e-02 3.87905100e-01 5.25376417e-01
 2.70048127e-01 7.27948145e-01 4.26418314e-01
 7.21856832e-01 4.03977623e-01 8.01956135e-01
 3.57893442e-01 8.21966297e-01 7.20005374e-01
 3.97572813e-01 6.55111033e-02 1.35309870e-01
 1.53125879e-01 2.29932075e-01 8.73242600e-01
 8.46446084e-01 7.61895801e-01 8.08144897e-01
 9.49976496e-01 4.92909079e-01 8.81275874e-01
 9.07686949e-01 6.70327306e-01 8.62502979e-01
 2.30288387e-01 1.51168689e-01 7.39512066e-01
 5.72344162e-01 2.53970991e-01 8.99683680e-01
 5.69400358e-01 2.53053538e-01 6.94126213e-01
 2.39601180e-01 1.43851515e-01 7.25004756e-01
 3.83462100e-01 8.39050009e-01 7.92125363e-01
 7.97112372e-01 8.08550359e-01 8.27335290e-01
 1.32483225e-01 8.13361199e-01 2.06784491e-01
 2.73293911e-01 1.20348653e-01 1.38373284e-01
 4.91930292e-01 5.05291554e-02 6.78054711e-01
 9.38000510e-01 3.84100985e-01 4.28261674e-01
 9.39177339e-01 5.81200744e-01 3.51919000e-01
 2.13030039e-01 1.65786993e-01 5.56071526e-01
 7.52645414e-01 8.38996246e-01 1.00659606e-01
 6.83796447e-01 3.30346106e-01 2.45454949e-01
 6.87257796e-01 8.58470062e-02 7.14856630e-01
 3.39834632e-01 8.07773381e-01 6.06249426e-02
 3.36091478e-01 2.98069633e-01 2.09754665e-01
 2.88147635e-01 7.53822740e-01 8.96041638e-01
 7.93824036e-01 8.11129156e-01 3.15948140e-01
 8.02376877e-02 7.07921899e-01 2.29035003e-01
 1.14963167e-01 7.84257471e-01 3.94942920e-01
 8.84885809e-01 7.11029110e-01 6.51912393e-01
 7.22018622e-01 4.04544205e-01 4.55383261e-01
 2.63520394e-01 7.17216874e-01 6.05256568e-01
 9.07979501e-01 2.99156509e-01 4.85085700e-01
 3.17099450e-01 3.13866023e-01 4.54508769e-01
 5.90065167e-01 5.66757339e-02 8.97756743e-01
 7.70276813e-02 6.98720527e-01 4.69697752e-01
 6.84432553e-01 5.74915249e-01 7.81298479e-01
 1.19403027e-01 7.92057194e-01 8.08510754e-01
 8.92269572e-01 6.98999957e-01 2.72204416e-01
 8.33579829e-02 7.16367111e-01 1.76884958e-01
 9.44469053e-01 5.54287282e-01 3.16054408e-01
 2.50105091e-01 4.02928300e-01 2.46667447e-01
 2.91148519e-01 3.40625482e-01 7.51119118e-01
 8.08759098e-01 1.64668307e-01 4.58718236e-01
 5.29554901e-01 2.44484737e-01 4.91688622e-01
 2.27944259e-01 6.31262542e-01 3.51338171e-01
 1.10728702e-01 2.94783993e-01 8.85249015e-01
 5.88882382e-01 6.05764104e-01 6.80389487e-01
 5.60680205e-01 2.50574646e-01 2.97156932e-01
 2.01746716e-01 8.98558797e-01 8.10468855e-01
 3.10098696e-01 3.20431677e-01 3.48437636e-01
 7.27017904e-01 4.89680776e-01 2.47571770e-01
 7.26949029e-01 4.26441287e-01 5.01795603e-01
 7.17438179e-01 5.24017955e-01 6.92668737e-01
 7.93764290e-01 8.11175483e-01 4.21995923e-01
 4.88588518e-01 2.42589728e-01 2.41678734e-01
 7.39499801e-01 8.46349315e-01 7.38454442e-01
 5.19905851e-02 5.79725899e-01 1.85103411e-01
 4.18041764e-01 2.55061876e-01 1.41057751e-01
 9.48816955e-01 5.17815870e-01 2.47704922e-01
 2.22159438e-01 6.04920753e-01 4.38137387e-01
 9.38696310e-01 5.83263805e-01 4.06622262e-01
 5.33922735e-01 8.88490860e-01 8.33864303e-01
 1.75942155e-01 2.02638125e-01 4.70462417e-01
 2.62097122e-01 9.49665113e-01 8.75602708e-01
 9.48928564e-01 5.16307390e-01 2.93913729e-01
 7.51976262e-01 8.39387265e-01 3.91944365e-01
 3.65442997e-01 2.78504548e-01 1.44305593e-01
 9.35862203e-01 5.94579344e-01 6.77813678e-01
 3.28576461e-01 7.97886701e-01 3.11845581e-01
 5.60547219e-01 5.89963095e-01 7.50741190e-01
 2.69562293e-01 3.69218314e-01 9.12044235e-01
 7.19269499e-01 3.95636848e-01 2.50417757e-01
 9.49874225e-01 4.97412362e-01 9.82849681e-02
 3.44368592e-01 2.92003327e-01 4.23747534e-01
 2.78520203e-01 3.56480168e-01 4.95075214e-01
 7.25563368e-02 3.85160273e-01 6.04723298e-01
 2.23080722e-01 6.09876714e-01 5.39142634e-01
 5.53331466e-01 2.48755575e-01 9.35172785e-01
 4.95582208e-01 2.42438416e-01 1.93287591e-01
 2.10457123e-01 1.68091946e-01 2.19915709e-01
 5.10900882e-01 8.85618924e-01 1.39046762e-01
 9.41350652e-01 5.71223611e-01 6.16631105e-01
 9.22030235e-01 6.37336220e-01 3.91592762e-01
 4.77963862e-01 2.43189483e-01 1.69143492e-01
 7.66217379e-01 8.30660770e-01 1.33115038e-01
 2.40129233e-01 9.32896405e-01 2.72586608e-01
 9.37166356e-01 3.80695427e-01 3.74916333e-01
 1.06569623e-01 7.68573892e-01 7.50388813e-02
 9.07930508e-01 2.99053312e-01 2.70185551e-01
 7.42808941e-02 3.79707845e-01 4.30158503e-01
 7.45741390e-02 3.78801826e-01 3.46507426e-01
 7.95921628e-01 8.09490800e-01 7.33043726e-01
 6.51090107e-01 2.96899699e-01 6.03816050e-01
 6.81231595e-01 3.27166659e-01 1.55556132e-01
 4.26852430e-01 2.52385121e-01 6.74347657e-01
 7.06995732e-01 3.66411715e-01 9.35831885e-01
 7.05626101e-01 9.43059442e-02 1.29421209e-01
 6.46220898e-01 7.04949056e-02 2.34290099e-01
 6.13307565e-01 6.14394365e-02 6.64979162e-01
 6.79546959e-01 8.25985645e-02 6.70296962e-01
 7.29619310e-01 4.61161855e-01 7.80964729e-01
 7.14310702e-01 3.82303831e-01 1.43976958e-01
 3.75541424e-01 2.72936173e-01 3.41836992e-01
 7.06390178e-01 5.46554067e-01 4.84400594e-01
 5.76540857e-01 2.55350991e-01 5.19759986e-01
 7.15429017e-01 5.28856886e-01 3.32275892e-01
 9.01624359e-02 3.37217675e-01 7.00833131e-01
 3.58414620e-01 8.22348055e-01 4.85723399e-01
 9.29172290e-01 3.52654815e-01 2.74514197e-01
 5.32607316e-02 4.77115132e-01 2.63086688e-01
 1.31557391e-01 8.11927420e-01 8.84339905e-01
 4.20224066e-01 8.58446236e-01 3.16606430e-01
 5.85740594e-01 6.04817991e-01 8.30521947e-01
 6.16556207e-01 2.73170083e-01 8.21760454e-01
 7.84656387e-01 8.18023498e-01 6.42385589e-01
 5.87600613e-01 6.05396900e-01 5.48911595e-01
 2.76680168e-01 1.18223682e-01 2.68008615e-01
 9.49770595e-01 4.70115685e-01 2.82362789e-01
 8.97890896e-01 2.79230978e-01 1.25791435e-01
 3.88500802e-01 2.66569500e-01 4.69877970e-01
 1.53295939e-01 8.43107954e-01 3.28301088e-01
 6.63728920e-01 3.08217252e-01 1.32772857e-01
 3.63414902e-01 8.25936297e-01 4.49593815e-01
 6.38665870e-02 6.52903777e-01 9.14872787e-01
 5.89956133e-01 6.06052313e-01 4.71799621e-01
 5.22520301e-02 4.86787595e-01 5.81425395e-01
 9.49738049e-01 4.69225235e-01 8.33796490e-01
 6.02629557e-01 6.08220181e-01 8.08243703e-01
 9.21347244e-01 6.39102458e-01 6.45615983e-02
 9.14022197e-01 3.12458648e-01 2.15162971e-01
 3.95106771e-01 6.61875149e-02 2.52142420e-01
 2.28041999e-01 6.31635203e-01 3.93732145e-01
 8.51871628e-01 2.10377052e-01 4.82435270e-01
 6.16470379e-01 6.08257843e-01 9.48976108e-01
 2.49192593e-01 6.89931110e-01 6.51844470e-01
 2.20828948e-01 5.96895552e-01 5.99681282e-01
 9.49790254e-01 4.70679653e-01 2.37981963e-01
 5.98947028e-01 8.88526989e-01 9.07153032e-01
 9.02753549e-01 2.88520148e-01 7.55044237e-01
 6.80739865e-01 5.78456362e-01 6.36295093e-01
 9.50000000e-01 4.79386188e-01 6.27879837e-01
 6.08795258e-01 6.08519930e-01 7.61315622e-01
 6.49459769e-01 5.99484556e-01 4.31909519e-01
 8.71118135e-01 2.35821977e-01 6.71338613e-01
 4.72177457e-01 2.43703773e-01 6.99971114e-01
 5.99225350e-01 8.88501774e-01 2.08389265e-01
 5.73319401e-02 4.48630579e-01 5.56080328e-01
 6.47761850e-01 2.94187997e-01 5.92485691e-01
 7.97697957e-02 3.63636556e-01 6.73594125e-01
 7.72961966e-01 8.26220603e-01 2.13736586e-01
 9.26456370e-01 6.25258029e-01 2.30399308e-01
 2.36934133e-01 6.60270507e-01 3.64006894e-01
 6.14347237e-01 2.71944926e-01 1.22131349e-01
 9.11863588e-01 3.07569693e-01 3.00382438e-01
 2.29551797e-01 6.37187109e-01 7.14686532e-01
 1.53509591e-01 2.29437487e-01 4.92548593e-01
 2.43193934e-01 6.76394823e-01 4.34481494e-01
 5.34136300e-01 5.04619108e-02 6.63597709e-01
 5.32200333e-01 5.03762784e-02 9.29136818e-01
 6.62981728e-01 8.76901813e-01 6.59272833e-01
 6.81692021e-01 8.34847489e-02 9.05076518e-01
 6.54399468e-02 6.59340807e-01 3.26903511e-01
 6.41174086e-01 2.89115319e-01 3.06044058e-01
 8.50017230e-01 7.57825249e-01 8.63430612e-01
 9.36675027e-01 5.91466778e-01 5.36924835e-01
 7.30754846e-02 6.86537748e-01 5.07971378e-02
 5.00000000e-02 5.32437974e-01 1.04520879e-01
 6.91696334e-01 5.67083040e-01 4.53181485e-01
 6.46807122e-01 8.80962770e-01 1.48051737e-01
 1.82964052e-01 1.95015092e-01 8.57706246e-01
 9.25137110e-01 6.28980830e-01 9.30918275e-02
 8.94431967e-01 6.95291588e-01 3.33844523e-01
 5.47232438e-01 5.72018751e-01 8.73668823e-01
 2.23237663e-01 6.10682058e-01 7.40372345e-01
 6.82413589e-01 3.28617020e-01 1.00988456e-01
 8.61196106e-01 2.22222876e-01 5.38209938e-01
 5.43089534e-01 5.62129571e-01 2.77336962e-01
 5.11935571e-01 2.42842893e-01 8.85700924e-01
 7.53449933e-01 1.21567273e-01 1.40988102e-01
 5.71342135e-02 4.49787353e-01 5.53057017e-01
 6.54782213e-01 5.96875363e-01 3.13544040e-01
 8.13105051e-02 3.59424777e-01 7.46330128e-01
 4.19645492e-01 8.58182983e-01 7.80861788e-01
 4.99753044e-01 2.42440398e-01 6.77380953e-01
 9.49896394e-01 4.96591299e-01 2.20613195e-01
 5.03965989e-02 5.14437033e-01 6.97097672e-01
 9.38010709e-01 5.86126494e-01 6.64825537e-01
 5.53960424e-01 2.48901794e-01 5.86224055e-01
 2.36228675e-01 9.29715406e-01 5.75125339e-01
 9.29245708e-01 6.16990386e-01 7.43252207e-01
 7.61250421e-01 1.26814789e-01 8.66075374e-02
 2.21926214e-01 4.89009460e-01 5.37070121e-01
 2.17021664e-01 5.53181425e-01 1.20569488e-01
 6.73286823e-01 3.18019997e-01 4.42454998e-01
 7.01939628e-02 3.93007945e-01 5.18341967e-01
 6.12978765e-01 2.71201432e-01 2.45574344e-01
 2.32833458e-01 1.49130914e-01 5.73921285e-02
 7.13337418e-01 3.79976055e-01 4.42574158e-01
 6.03473806e-02 4.32657282e-01 7.35832764e-01
 7.66413928e-01 1.30425296e-01 6.56808345e-01
 7.28203731e-01 4.35117334e-01 2.49528582e-01
 2.28534037e-01 1.52590416e-01 6.64925857e-01
 1.81363621e-01 8.77172207e-01 9.29951002e-02
 4.83004242e-01 8.80053901e-01 3.13236287e-01
 8.34118641e-01 1.89936186e-01 5.71346393e-01
 7.37925166e-01 1.11826971e-01 6.22386303e-01
 4.12197915e-01 8.54679936e-01 6.79277115e-01
 6.95062286e-01 8.93148995e-02 2.44544345e-01
 3.74833885e-01 8.33646071e-01 3.84270031e-01
 6.88583767e-01 3.36620559e-01 1.34540202e-01
 7.29551682e-01 4.52841619e-01 6.33763994e-02
 2.91477925e-01 3.40240292e-01 3.22558646e-01
 5.24319730e-01 8.87478226e-01 6.50487162e-01
 6.75453490e-01 8.73229974e-01 1.96700452e-01
 9.49797223e-01 4.70884835e-01 2.31259768e-01
 3.97905137e-01 8.47341269e-01 1.00985753e-01
 6.70739517e-02 6.65672636e-01 6.14577066e-01
 6.92805427e-01 3.42567908e-01 5.58403083e-01
 1.32820668e-01 2.58189847e-01 3.94510422e-01
 7.75218208e-01 8.24689210e-01 4.73275556e-01
 9.37618131e-01 5.87727162e-01 3.97615707e-01
 5.04180400e-02 5.13904601e-01 5.18741507e-01
 1.81542000e-01 1.96532172e-01 3.15774997e-01
 6.34394168e-01 8.83555567e-01 5.85854853e-01
 5.78773108e-01 6.02128225e-01 2.53558992e-01
 2.95766603e-01 1.06988339e-01 3.89301865e-01
 7.65392190e-01 1.29702004e-01 8.55240987e-01
 7.26236343e-01 1.05075903e-01 3.20365989e-01
 5.31508804e-01 2.44745328e-01 4.24597369e-01
 7.97875478e-01 8.07943666e-01 6.52606969e-01
 7.62026526e-01 8.33318425e-01 4.45362968e-01
 6.70954771e-01 3.15516337e-01 7.31064388e-01
 5.38525444e-02 5.97278863e-01 4.58373245e-01
 1.34380036e-01 2.55860793e-01 6.43135240e-01
 5.71636625e-01 5.98394662e-01 2.06307151e-01
 7.29620181e-01 4.56000463e-01 8.04148387e-01
 6.54130999e-01 2.99470223e-01 9.44012030e-01
 5.42537850e-01 8.89176226e-01 2.42095691e-01
 6.88585771e-01 3.36623285e-01 7.34465593e-01
 3.77188276e-01 8.35155547e-01 7.68099048e-01
 1.23115366e-01 7.98344549e-01 1.36854102e-01
 3.16807419e-01 3.14131315e-01 9.25037930e-01
 3.97992403e-01 2.62431486e-01 9.14617753e-01
 7.25091057e-01 4.16792681e-01 3.25502258e-01
 6.95825055e-01 3.47094962e-01 5.44151753e-01
 7.99289467e-01 1.56228182e-01 2.52068331e-01
 6.79186986e-01 5.79865852e-01 7.29468598e-01
 2.35585713e-01 6.56447695e-01 3.79125296e-01
 9.20525952e-01 3.28277224e-01 3.75053015e-01
 2.22911224e-01 6.08995009e-01 7.68432579e-01
 5.11879713e-02 5.69509614e-01 3.93227754e-01
 5.02801039e-01 2.42485544e-01 7.40191452e-01
 5.48449835e-01 8.89525338e-01 4.11968931e-01
 7.23272505e-01 5.06550166e-01 5.96394337e-02
 6.46699120e-01 6.00700522e-01 1.22710002e-01
 3.22129329e-01 7.91821257e-01 9.07413646e-01
 4.70978487e-01 5.20676460e-02 5.68767130e-01
 5.25473474e-01 5.01452138e-02 8.77812023e-02
 2.35359024e-01 6.55790504e-01 8.60192070e-01
 6.77761308e-01 3.23047531e-01 3.12010538e-01
 2.89626184e-01 1.10468584e-01 1.07632101e-01
 7.94147110e-01 1.51846712e-01 6.35106927e-01
 6.14083449e-02 6.42033510e-01 3.40200865e-01
 2.17074424e-01 5.55336909e-01 4.10417944e-01
 2.42831266e-01 6.75522939e-01 1.88656159e-01
 6.44094507e-01 6.01763998e-01 3.98511088e-01
 4.18872176e-01 2.54795276e-01 9.13965912e-01
 5.99143244e-01 6.07839736e-01 7.44944610e-01
 6.69783677e-01 3.14287451e-01 1.44572512e-01
 5.29368754e-01 2.44460738e-01 8.63284057e-01
 2.53910343e-01 6.99590039e-01 3.42920120e-01
 6.25743048e-01 6.07039292e-01 1.68618861e-01
 9.96641558e-02 3.16318065e-01 2.93529316e-01
 6.68944134e-01 5.88103704e-01 7.11776397e-01
 9.48612534e-01 4.50330620e-01 7.40907007e-01
 1.96904594e-01 1.80816430e-01 1.01240632e-01
 8.79784668e-01 7.18825452e-01 1.59721532e-01
 7.27853731e-01 4.32406170e-01 3.50184059e-01
 2.17062320e-01 5.54889312e-01 5.62382657e-01
 7.44501168e-01 1.15841777e-01 8.85953213e-01
 3.88092119e-01 6.81946611e-02 2.93145123e-01
 1.96260019e-01 1.81447142e-01 4.32009479e-01
 7.21790086e-01 4.03745660e-01 6.57488771e-01
 9.12893914e-01 6.59232418e-01 2.26061195e-01
 6.36353404e-01 2.85635671e-01 5.07003825e-01
 6.82353269e-01 5.76942807e-01 3.85947200e-01
 9.08730163e-01 6.68171866e-01 5.05613485e-01
 8.59532851e-01 7.46404766e-01 2.05588031e-01
 6.82571514e-01 5.76734122e-01 7.40230723e-01
 4.84566112e-01 8.80427582e-01 9.45457997e-01
 8.45765103e-01 2.03053768e-01 3.82195307e-01
 7.29628313e-01 4.56703725e-01 5.27779417e-02
 2.94103768e-01 3.37216689e-01 5.76855769e-01
 4.43550169e-01 5.56050638e-02 9.09982746e-01
 7.19027567e-01 3.94915880e-01 6.12135093e-01
 9.49974368e-01 4.77769575e-01 1.91339911e-01
 7.81371657e-01 8.20391729e-01 8.67842463e-01
 2.23379855e-01 6.11402893e-01 5.75629793e-01
 5.80509798e-01 8.89715392e-01 6.61546311e-01
 7.00327581e-01 5.55947992e-01 3.59540123e-01
 3.96891785e-01 8.46789038e-01 6.14887099e-01
 2.40885240e-01 6.70724065e-01 2.67808618e-01
 1.21238798e-01 7.95191895e-01 5.57907197e-01
 6.65948952e-01 3.10389645e-01 2.50493107e-01
 5.84462628e-01 2.58192716e-01 6.26093770e-01
 1.08957309e-01 7.73170277e-01 8.26901419e-01
 2.74823807e-01 7.35279501e-01 8.85956022e-01
 5.40977893e-01 5.54815620e-01 2.93608751e-01
 1.83059174e-01 1.94914087e-01 9.27820600e-01
 2.14397716e-01 9.10661462e-01 1.29129952e-01
 9.46020311e-01 4.26634389e-01 4.24013745e-01
 4.27978716e-01 2.52066912e-01 5.92172957e-01
 3.48373918e-01 8.19549527e-02 3.65425472e-01
 4.82000644e-01 2.42909085e-01 1.11688289e-01
 4.18658662e-01 2.54863537e-01 7.01031655e-01
 6.86921328e-01 5.72368391e-01 7.95273483e-01
 9.45046412e-02 3.27345152e-01 3.42654176e-01
 1.99803244e-01 8.96624129e-01 6.92656941e-02
 9.02981352e-01 2.88968970e-01 2.99316585e-01
 7.24559140e-01 4.14421548e-01 5.62775424e-01
 9.24431215e-01 3.38725042e-01 9.80596604e-02
 6.46214797e-01 7.04929670e-02 5.54633386e-01
 6.28360730e-01 2.80266141e-01 7.95753453e-01
 6.71429229e-01 5.86264167e-01 4.02080872e-01
 1.66654901e-01 2.13254609e-01 7.48060989e-01
 7.04158385e-01 5.50193535e-01 9.28308713e-01
 6.18984774e-02 6.44291053e-01 9.48091097e-01
 9.12095675e-01 6.60990152e-01 7.34747944e-01
 1.75083937e-01 8.70057174e-01 5.81483370e-01
 2.54737902e-01 7.01208658e-01 6.19183408e-01
 7.13344149e-01 3.79991889e-01 5.58679632e-01
 5.09818854e-01 5.00062562e-02 1.13741234e-01
 5.40629497e-01 5.53324094e-01 2.22513391e-01
 4.76520541e-01 2.43305366e-01 8.63570948e-01
 4.31033632e-01 2.51230841e-01 7.07522117e-01
 2.35927502e-01 6.57430469e-01 1.48873489e-01
 5.63716084e-01 2.51397653e-01 6.02865409e-01
 2.06485624e-01 1.71717513e-01 5.66398269e-02
 6.36244256e-01 8.83197563e-01 8.78452119e-01
 2.20882187e-01 4.95287021e-01 9.00458282e-01
 3.33884468e-01 8.02655215e-01 7.22601105e-01
 2.88980958e-01 3.43193816e-01 9.08276067e-01
 6.93856793e-01 5.64502273e-01 5.93903782e-01
 7.15385197e-01 5.28957712e-01 2.29245248e-01
 9.44105073e-01 4.14060084e-01 8.86959199e-01
 3.39461092e-01 8.56258661e-02 5.42152183e-01
 2.79357044e-01 3.55358669e-01 7.51041123e-02
 2.33596262e-01 1.48525803e-01 6.61042265e-01
 5.43319596e-01 5.09848911e-02 6.00582818e-02
 9.45494050e-01 5.47680900e-01 5.89784428e-01
 1.45490691e-01 2.40059586e-01 6.52691817e-01
 7.92228688e-01 8.12359773e-01 7.91904052e-01
 7.22397373e-01 5.09624344e-01 2.45754117e-01
 2.21897197e-01 4.89174222e-01 7.88944042e-01
 5.38469070e-01 5.39579375e-01 3.89711953e-01
 1.41267066e-01 2.45909241e-01 4.91165687e-01
 5.59598047e-02 6.12462671e-01 6.13669333e-01
 6.21950368e-01 2.76295185e-01 4.62381634e-01
 4.20341465e-01 8.58499498e-01 1.16409216e-01
 5.84343889e-01 8.89546334e-01 9.10555169e-01
 1.77228132e-01 8.72516676e-01 6.06598843e-01
 8.44274454e-01 2.01314545e-01 6.11316510e-02
 5.11266128e-02 5.68601767e-01 3.37488893e-01
 6.68540449e-01 3.13002950e-01 1.79419010e-01
 2.83028202e-01 3.50563951e-01 4.85069925e-01
 6.22430181e-02 4.23836825e-01 5.67659718e-01
 6.09751485e-01 6.06249507e-02 1.56367578e-01
 7.34670873e-02 3.82253754e-01 5.27845657e-01
 1.20141364e-01 7.93324085e-01 9.31765596e-01
 6.17968630e-01 6.08127034e-01 3.61755883e-01
 2.57474931e-01 1.30832137e-01 3.82889602e-01
 4.58662666e-01 5.34409513e-02 5.43499313e-01
 6.79047140e-01 5.79990564e-01 3.16659644e-01
 6.39417261e-01 6.83941219e-02 7.45887052e-02
 7.22579315e-01 1.03061629e-01 7.43333474e-02
 7.08277635e-01 5.43285800e-01 8.90820857e-01
 1.35489899e-01 2.54220685e-01 6.41035500e-01
 2.45760178e-01 6.82379944e-01 6.88058771e-01
 1.83451244e-01 8.79479483e-01 3.53772043e-01
 7.98481571e-01 1.55530674e-01 4.63800072e-01
 4.43023281e-01 5.56901043e-02 9.41692080e-01
 2.24552869e-01 6.17062114e-01 5.47502507e-01
 1.18580581e-01 7.90636098e-01 5.62484278e-01
 2.02757553e-01 1.75197574e-01 7.32042437e-02
 8.02226456e-01 8.04423914e-01 5.88665772e-01
 2.78579443e-01 7.40773163e-01 6.70954875e-02
 6.07483129e-01 2.68332051e-01 9.30187117e-01
 2.46889133e-01 4.09613438e-01 1.31918469e-01
 6.77508874e-01 3.22755657e-01 7.92374338e-01
 1.42145320e-01 8.27731333e-01 4.17130358e-01
 3.85009234e-01 2.68201656e-01 7.85558904e-01
 6.46028041e-01 6.00982245e-01 8.11214133e-02
 8.44875862e-01 7.63650670e-01 7.01827298e-02
 6.78469884e-01 8.72269647e-01 2.22817663e-01
 9.26839362e-01 6.24155854e-01 3.79105872e-01
 5.32386471e-01 8.88346536e-01 5.16633077e-01
 1.05848082e-01 7.67162223e-01 9.13357764e-01
 6.36397104e-01 6.04443476e-01 1.07610140e-01
 6.59633455e-01 7.49977978e-02 4.99736749e-01
 6.92289833e-01 5.66386516e-01 1.48994968e-01
 6.21542211e-01 8.85770574e-01 1.43918403e-01
 7.18828567e-01 8.56578391e-01 3.81542659e-01
 6.99293907e-01 8.64848890e-01 2.26394308e-01
 2.75693136e-01 1.18838855e-01 5.77859585e-02
 7.27305967e-01 4.28652017e-01 6.25731189e-01
 9.05920125e-01 2.94877526e-01 8.61955742e-01
 5.07301975e-01 8.85031144e-01 5.91277977e-01
 9.33212494e-01 3.65938538e-01 8.59197307e-01
 8.76739192e-01 2.44044413e-01 7.91172109e-01
 8.98187640e-01 2.79782611e-01 5.00000000e-02
 2.97102684e-01 7.64971640e-01 3.17283207e-01
 3.25726647e-01 7.95243722e-01 9.31237041e-01
 2.17008254e-01 5.39722784e-01 5.40674587e-01
 5.52367429e-01 2.48534863e-01 9.50000000e-01
 3.77563271e-01 2.71886510e-01 4.13749280e-01
 7.10837555e-01 5.38533198e-01 8.89685387e-01
 8.65722737e-01 2.28290844e-01 1.15735361e-01
 2.89236136e-01 3.42888378e-01 5.78757022e-01
 3.92568467e-01 8.44383871e-01 2.26342636e-01
 2.83220269e-01 3.50318538e-01 2.91606949e-01
 6.70339193e-01 8.74793534e-01 8.38036991e-01
 6.74115727e-01 3.18928613e-01 2.15050031e-01
 3.20137793e-01 3.11148494e-01 7.72136696e-01
 8.97472297e-01 2.78456026e-01 6.68887843e-01
 7.26889224e-01 4.26085643e-01 7.52546857e-01
 6.52058994e-01 5.98254568e-01 3.75519734e-01
 6.88337952e-01 8.63160686e-02 9.27492350e-01
 7.15582954e-01 5.28501197e-01 4.25684858e-01
 6.85855723e-01 5.73475363e-01 4.32787478e-01
 3.56952102e-01 2.83624715e-01 6.59820635e-02
 2.17652926e-01 5.24493404e-01 9.04840690e-01
 7.95201474e-01 8.10055908e-01 8.41859946e-02
 5.12441347e-02 5.70320279e-01 8.51289227e-01
 8.54485618e-01 2.13613792e-01 4.36135583e-01
 8.27040528e-01 1.82458627e-01 4.45391315e-01
 7.14408334e-01 3.82541734e-01 8.48762358e-01
 6.91062626e-01 3.40061792e-01 7.53886511e-02
 5.39956785e-01 8.88992922e-01 4.40023963e-01
 3.39040070e-01 8.07103337e-01 9.11896909e-01
 2.21021865e-01 4.94401279e-01 5.78284803e-01
 7.17637127e-01 5.23513836e-01 7.24530671e-01
 8.67123038e-01 7.36636635e-01 4.61071309e-01
 6.80654291e-01 5.78535225e-01 5.70069032e-01
 4.55611069e-01 8.72251541e-01 2.40837316e-01
 1.13953852e-01 2.88965373e-01 8.26614717e-01
 6.33914706e-01 6.05162721e-01 2.36461629e-01
 3.49665918e-01 8.14411167e-02 5.59889553e-01
 5.69034822e-01 5.34830860e-02 5.63469195e-01
 6.20764915e-01 6.07814475e-01 7.89802706e-01
 3.58264699e-01 8.22238391e-01 7.21423976e-01
 4.00205096e-01 2.61528223e-01 7.55320707e-01
 9.23459608e-01 3.36048273e-01 4.08800204e-01
 6.80812388e-01 5.78389415e-01 1.90295975e-01
 2.04284183e-01 1.73763378e-01 5.08091157e-01
 2.44933712e-01 4.13889052e-01 1.55538795e-01
 2.41490700e-01 4.21864040e-01 8.75358944e-01
 2.24397229e-01 4.76452613e-01 5.69144497e-01
 6.87018698e-01 3.34517754e-01 4.71628137e-01
 6.93845399e-01 8.87620759e-02 8.53752250e-01
 2.43571454e-01 6.77295293e-01 6.48422566e-01
 3.56602151e-01 8.21014017e-01 7.63239963e-01
 2.82229766e-01 1.14828598e-01 3.33888047e-01
 7.64839509e-01 8.31542994e-01 6.28598218e-02
 2.53593474e-01 6.98964638e-01 8.37410237e-01
 5.11933656e-01 2.42842783e-01 3.83116980e-01
 6.69371480e-01 3.13859305e-01 1.13913983e-01
 1.09883876e-01 7.74923914e-01 4.73176729e-01
 2.43968104e-01 6.78233724e-01 8.81888652e-01
 7.20619504e-01 5.15288811e-01 8.24062792e-01
 3.14496267e-01 9.71218965e-02 3.10047551e-01
 5.17293167e-01 2.43208434e-01 6.36906865e-01
 3.00530240e-01 1.04373422e-01 8.52097237e-01
 4.63248792e-01 5.28887902e-02 3.26541314e-01
 4.02375994e-01 2.60664141e-01 8.48183774e-01
 9.15739157e-02 7.36698163e-01 6.45528726e-01
 6.84934656e-01 3.31796309e-01 4.38934115e-01
 3.44849331e-01 8.11910107e-01 8.83431465e-01
 3.93735543e-01 2.64234005e-01 6.16097786e-01
 9.36628809e-01 5.91646403e-01 1.02299797e-01
 2.80313334e-01 3.54090308e-01 9.03054965e-01
 4.81411685e-01 2.42945983e-01 4.29995782e-01
 5.43894359e-01 2.46770372e-01 8.46340473e-01
 2.23881303e-01 6.13881936e-01 9.39310535e-01
 5.00131253e-02 5.30376507e-01 5.00583731e-01
 5.10923463e-01 2.42786831e-01 4.40669273e-01
 2.36739396e-01 4.34005448e-01 1.75195532e-01
 5.26106064e-01 8.87686553e-01 2.58731736e-01
 9.46020398e-01 5.43990849e-01 2.43987190e-01
 5.60620773e-01 2.50558956e-01 8.34496635e-01
 3.98830998e-01 8.47842040e-01 3.03495371e-01
 5.72581357e-01 5.98953498e-01 4.00429173e-01
 5.65297346e-02 4.53429439e-01 5.46220775e-01
 5.47005017e-01 5.71567214e-01 4.55275212e-01
 6.85077538e-01 3.31980125e-01 9.52721845e-02
 5.16886604e-01 5.00000000e-02 5.47209331e-01
 6.13384356e-02 6.41707458e-01 2.99479404e-01
 5.40417711e-01 8.89027036e-01 6.23916578e-01
 7.04852008e-01 5.49086860e-01 1.03554021e-01
 5.16022435e-01 2.43111242e-01 5.19905539e-01
 9.48949609e-01 4.54740110e-01 7.94794046e-01
 6.95094516e-01 3.45977120e-01 4.66273756e-01
 5.35533856e-01 5.05290498e-02 7.49549274e-01
 5.63109221e-01 8.89968129e-01 7.20695314e-01
 9.20221890e-01 6.41961766e-01 6.62181234e-01
 2.17055220e-01 5.37629391e-01 1.32991656e-01
 9.49136674e-01 5.13275653e-01 1.28184394e-01
 8.20609161e-01 7.88341397e-01 4.78548927e-01
 1.42425500e-01 2.44286410e-01 6.24235396e-01
 8.09339084e-01 7.98440972e-01 7.01791370e-01
 4.88804793e-01 5.06951565e-02 9.35537281e-02
 6.20357781e-01 6.31472006e-02 9.18283819e-01
 6.50902923e-01 2.96744415e-01 1.37778225e-01
 9.62913242e-02 3.23445615e-01 6.54412054e-01
 8.35420214e-01 1.91350359e-01 7.23727437e-01
 7.16367289e-01 5.26651583e-01 1.33919374e-01
 6.94776886e-02 3.95483741e-01 1.48251674e-01
 6.72336938e-01 3.16990959e-01 3.20479266e-01
 5.76678126e-01 6.01143789e-01 8.75174254e-01
 6.74071864e-01 5.84199686e-01 6.07687026e-01
 1.49588887e-01 2.34554736e-01 6.37284822e-01
 1.83152041e-01 1.94815533e-01 5.97671048e-01
 3.77984581e-01 2.71670456e-01 9.20588275e-01
 2.62887776e-01 3.79707154e-01 5.56031489e-01
 5.40298847e-01 5.07915451e-02 6.89892004e-02
 3.34372862e-01 8.03084189e-01 7.34032993e-01
 9.22404407e-01 3.33201206e-01 1.48351079e-01
 1.29355575e-01 2.63472038e-01 7.28316110e-01
 2.49474532e-01 4.04207390e-01 6.74861978e-01
 3.65813433e-01 8.27610625e-01 9.44954930e-01
 2.20230828e-01 4.99647780e-01 7.57458404e-02
 5.54846972e-01 5.83797245e-01 4.15961841e-01
 2.32638649e-01 1.49285866e-01 2.06718789e-01
 1.45339160e-01 2.40266298e-01 8.39547297e-01
 7.04167643e-01 9.35961327e-02 4.82558854e-01
 6.82338389e-01 5.76957000e-01 9.32982098e-01
 2.56266105e-01 1.31672221e-01 7.11148690e-01
 8.58259476e-01 7.47984040e-01 1.95378208e-01
 5.00219470e-01 2.42444912e-01 4.67704009e-01
 6.12209524e-01 6.08488473e-01 4.43201539e-01
 2.79713930e-01 7.42389004e-01 2.61955550e-01
 5.60294940e-01 8.89929726e-01 2.16876770e-01
 3.23917908e-01 9.25680002e-02 4.01198269e-01
 7.18098154e-01 5.22326503e-01 4.10352106e-01
 1.47097610e-01 2.37881569e-01 5.84401913e-01
 9.49424277e-01 4.62342058e-01 8.50863438e-01
 3.56627288e-01 2.83828868e-01 1.60828673e-01
 5.49602768e-01 5.76301325e-01 2.01421631e-01
 6.24892686e-01 2.78082212e-01 6.80472032e-01
 2.83409340e-01 1.14120759e-01 5.68129246e-01
 2.21205011e-01 5.99289234e-01 4.82702658e-01
 4.03570503e-01 8.50349609e-01 9.15051505e-01
 2.44458830e-01 4.14953711e-01 4.56798446e-01
 5.39132013e-01 5.45103748e-01 1.45245516e-01
 6.39652411e-01 6.03393818e-01 5.18134020e-01
 1.16773243e-01 2.84026834e-01 7.96875772e-01
 1.02623859e-01 3.10296158e-01 9.01592206e-01
 5.95922322e-02 6.33198963e-01 4.48869160e-01
 5.40013877e-01 5.50376312e-01 5.91275298e-01
 3.22117443e-01 9.34177005e-02 1.90534087e-01
 5.75628556e-02 6.22238315e-01 8.84775517e-02
 2.27122276e-01 6.28057594e-01 4.77158820e-01
 2.20737502e-01 5.96295941e-01 4.05489841e-01
 5.41028318e-01 5.55022713e-01 8.91671327e-01
 5.91532434e-01 8.89118951e-01 3.31503252e-01
 6.47055493e-01 8.80906290e-01 7.41179836e-01
 5.85863773e-01 6.04858048e-01 7.29720469e-01
 8.99502422e-01 6.86225350e-01 9.31436983e-01
 9.08045517e-01 2.99295671e-01 4.20221039e-01
 1.81498408e-01 8.77322033e-01 5.40639955e-01
 2.83191658e-01 1.14251026e-01 3.90550720e-01
 8.55317947e-01 2.14657787e-01 2.18621059e-01
 5.92000128e-01 8.89086150e-01 4.96134178e-01
 2.54728816e-01 3.93971957e-01 4.57803388e-01
 6.62902000e-02 4.07138118e-01 3.59774463e-01
 2.48521534e-01 6.88492281e-01 6.53359960e-01
 2.95592101e-01 7.63155973e-01 7.28821067e-01
 7.11744626e-01 3.76325722e-01 3.29029084e-01
 8.50134006e-01 2.08259909e-01 6.90863856e-01
 2.77549980e-01 7.39289731e-01 7.74647518e-01
 7.19311132e-01 5.19064453e-01 6.29877232e-01
 8.75197489e-01 2.41748871e-01 2.79172158e-01
 2.23660537e-01 4.79933500e-01 8.70554601e-02
 2.28212716e-01 4.60796766e-01 7.58692656e-01
 8.89512660e-01 2.64384029e-01 4.11298053e-01
 4.43559119e-01 2.48210495e-01 9.01235453e-01
 7.04864157e-01 5.49067285e-01 7.75131908e-02
 5.71330966e-02 4.49793934e-01 5.04419722e-01
 2.17721390e-01 5.68822254e-01 7.22022305e-01
 4.94376916e-01 2.42450689e-01 9.28298658e-01
 2.30730031e-01 4.51989348e-01 3.08356114e-01
 6.21687865e-01 6.07691854e-01 9.49161856e-01
 2.50410420e-01 6.92498928e-01 7.58969682e-01
 6.35325074e-01 6.71888942e-02 6.77939444e-01
 7.03601261e-01 5.51067248e-01 8.69210865e-02
 5.35992001e-01 2.45403491e-01 6.63154334e-01
 2.84624858e-01 3.48539691e-01 8.06245695e-02
 4.14847305e-01 2.56115547e-01 4.34826204e-01
 1.86473568e-01 8.82770338e-01 5.60089833e-01
 6.13524145e-01 2.71496329e-01 4.14753482e-01
 3.27742269e-01 7.97119175e-01 2.60072022e-01
 4.73797121e-01 2.43546467e-01 3.59893487e-01
 3.08414827e-01 7.77816725e-01 3.42927719e-01
 9.18949893e-01 6.45121138e-01 5.21348990e-01
 3.45780391e-01 8.30003210e-02 8.07630860e-01
 2.77046145e-01 3.58482513e-01 5.53730174e-01
 2.72793232e-01 3.64461395e-01 8.20654450e-01
 6.31891388e-01 2.82578747e-01 9.23175472e-01
 9.53305217e-02 7.45236382e-01 9.03186856e-01
 8.97885958e-02 7.32486585e-01 3.55400294e-01
 8.54880911e-01 2.14108793e-01 8.21391573e-01
 6.69588669e-02 6.65237367e-01 9.09544679e-01
 5.20569256e-02 4.88897137e-01 5.57472673e-01
 2.46295495e-01 9.37796057e-01 6.55916001e-01
 6.92135165e-02 3.96409105e-01 1.85278892e-01
 1.83985413e-01 8.80065334e-01 7.44829812e-01
 7.23982751e-01 4.11990972e-01 5.22359015e-01
 5.81566712e-01 8.89672877e-01 6.16212787e-01
 5.29803164e-01 2.44516968e-01 1.26272790e-01
 6.93904126e-01 5.64444308e-01 7.22592536e-01
 5.69985929e-01 2.53232747e-01 6.14962683e-01
 5.37808434e-01 5.29822322e-01 3.04735239e-01
 4.51987411e-01 5.43314671e-02 9.46981410e-01
 2.31268829e-01 9.25576295e-01 5.97533691e-01
 2.59909365e-01 7.10876324e-01 7.25562213e-01
 8.30906811e-01 7.78390332e-01 8.85114591e-02
 2.71850847e-01 7.30763521e-01 4.39664204e-01
 6.51386162e-01 5.98580978e-01 6.99857328e-01
 3.01790771e-01 3.28817927e-01 5.21677338e-01
 9.30440524e-01 6.13263959e-01 5.82823058e-01
 1.28779815e-01 2.64364445e-01 9.32297564e-01
 7.10567332e-02 3.90087412e-01 1.50378845e-01
 7.23745209e-01 4.11026289e-01 7.14903463e-01
 6.17163285e-01 6.23580210e-02 9.30401602e-01
 3.62525569e-01 8.25307842e-01 9.96395468e-02
 2.71566478e-01 3.66244741e-01 8.16323820e-01
 4.90479715e-01 5.06034345e-02 5.50046942e-01
 9.42154276e-01 4.03245593e-01 9.40103396e-01
 7.29187508e-01 4.71561345e-01 2.61260219e-01
 6.33479901e-01 6.05281514e-01 3.86129858e-01
 6.79586239e-01 3.25188443e-01 5.42636063e-01
 7.08031714e-01 3.68465877e-01 2.07871323e-01
 6.03582274e-01 6.08297187e-01 6.16022451e-01
 4.50072907e-01 2.46894878e-01 8.66123543e-01
 2.06618700e-01 1.71594677e-01 4.39756237e-01
 3.03676110e-01 7.72590705e-01 7.56215456e-01
 7.29330000e-01 8.51578862e-01 4.98453954e-01
 4.35039653e-01 2.50193937e-01 7.65309296e-02
 9.36576728e-01 5.91848425e-01 7.63290503e-01
 9.47580453e-01 4.39396189e-01 1.01541077e-01
 2.51500385e-01 4.00149310e-01 8.90672462e-01
 9.37594043e-01 3.82426683e-01 1.53132438e-01
 6.99883418e-01 5.56579060e-01 7.04558591e-01
 5.33510033e-01 8.88452748e-01 4.99854201e-01
 3.36638095e-01 2.97654643e-01 4.68870968e-01
 5.55982897e-01 2.49383921e-01 9.55994729e-02
 6.19922109e-01 6.07918028e-01 5.66698512e-02
 1.03644515e-01 3.08266553e-01 2.24893707e-01
 4.37804177e-01 8.65856226e-01 6.90278065e-01
 2.54986513e-01 9.44443015e-01 3.58138350e-01
 5.39128172e-01 5.45076824e-01 5.46500698e-01
 4.45211509e-01 2.47860379e-01 5.93551497e-01
 3.76184747e-01 7.18870198e-02 5.02898673e-01
 1.38854964e-01 2.49334447e-01 9.35432593e-01
 9.23011584e-01 6.34755591e-01 1.05824910e-01
 3.29257996e-01 3.03437228e-01 1.52701416e-01
 6.98945356e-01 3.52045978e-01 4.85328530e-01
 6.67440424e-01 8.75643930e-01 5.67860111e-01
 5.65137228e-02 6.15976751e-01 3.71924077e-01
 5.84427747e-01 8.89542179e-01 6.82541251e-01
 1.61904985e-01 2.18937421e-01 1.36013719e-01
 5.51180420e-01 5.78798873e-01 1.91741609e-01
 6.67519718e-01 7.78745566e-02 6.55670520e-01
 6.02434182e-01 5.90469429e-02 2.64178913e-01
 6.02064349e-02 6.36276143e-01 5.48458188e-01
 5.36041747e-01 2.45411267e-01 2.12301830e-01
 8.28656884e-01 7.80627129e-01 5.72298886e-01
 6.30759793e-01 8.84230047e-01 2.44322166e-01
 2.07660074e-01 9.04319634e-01 1.62219794e-01
 6.21908245e-01 2.76270031e-01 7.18297315e-01
 6.35291279e-01 8.83383208e-01 8.87586104e-01
 7.07995884e-01 8.61326017e-01 2.32411004e-01
 9.27651793e-01 3.48016641e-01 4.70258023e-01
 5.00874593e-01 2.42452713e-01 8.63005485e-01
 9.07844614e-01 6.70003588e-01 8.56035028e-01
 6.56400690e-01 3.01449284e-01 3.84053957e-01
